-0.0002599999999999909, 5.399999999999494e-05, -9.399999999999409e-05, 0.9750786090932154, -0.16154798297142492, -0.15206562822250377, 0.1701887742045725, 0.9843582295011687, 0.04554840445141498, 0.142328799698394, -0.07029313772473711, 0.9873203064685876
-0.0004350000000000023, 7.60000000000005e-05, -3.299999999995862e-05, 0.975324489933851, -0.16029745997086836, -0.1518119351769202, 0.16877996379973353, 0.984641528982873, 0.044658517911264656, 0.14232168898321224, -0.06917935912653403, 0.9873999965139801
-0.00036199999999999476, 0.00040200000000000104, -0.000117999999999995, 0.9758068487691085, -0.15755627221028407, -0.1515817105804698, 0.16640399042518073, 0.984913318233576, 0.047491762830024556, 0.14181222043913846, -0.07156658894572114, 0.9873031537885392
-0.0003199999999999932, 0.0004989999999999952, -7.899999999995088e-05, 0.9740540166236586, -0.16794331830875417, -0.15170304721646757, 0.17669739704013157, 0.983185057719737, 0.04609958954133489, 0.14141005119353936, -0.07170902392364525, 0.9873505017517126
-0.0002149999999999892, 0.00047099999999999654, -2.6999999999986812e-05, 0.972882915518122, -0.17491724848857346, -0.1513366739232281, 0.18359787234392613, 0.9819563035511195, 0.04531709596835519, 0.14067925918109683, -0.07187331978841913, 0.987442946168967
0.00014200000000001012, 0.0004099999999999966, -0.00013299999999998136, 0.9733804988531128, -0.1738815717150179, -0.1493171238350795, 0.18263869662101312, 0.9820568788389072, 0.04698290350501555, 0.13846844748549364, -0.07300332693171703, 0.9876725182507905
0.00012199999999999989, 0.00031400000000000004, -8.799999999996544e-05, 0.9697398915437715, -0.19117206145252594, -0.1518479030762883, 0.19976430496520978, 0.9788841282273227, 0.04335995809962239, 0.1403522896515795, -0.07238167188332956, 0.9874523423259135
0.00032200000000000273, 0.00024399999999999978, -5.5999999999983174e-05, 0.9707581649470879, -0.18442939946638023, -0.15366971660360673, 0.19340404915432277, 0.9800622853279387, 0.04552791065368983, 0.14220920841940848, -0.07391693642358572, 0.9870728582786971
0.0004890000000000043, 0.00015399999999999637, 8.400000000000318e-05, 0.9726799242607911, -0.17193152299127606, -0.15599139829465702, 0.18129068508668228, 0.9822676176191774, 0.047791368232634385, 0.1450084564459032, -0.07476549189730627, 0.9866015755007341
0.0005990000000000037, 0.0002469999999999999, 0.0001990000000000123, 0.9731647858451783, -0.1673501031315966, -0.15793746412030465, 0.17709698711465638, 0.9829376112064611, 0.049702209514742, 0.14692500381425813, -0.07633868912668118, 0.9861974689668395
0.0007160000000000082, 0.00012299999999999757, 0.0005220000000000483, 0.9694515899373594, -0.1866694789242351, -0.159116688018826, 0.19600324068747763, 0.9795703138783074, 0.04499699777052872, 0.14746641789889853, -0.07480979753019514, 0.9862338210513563
0.0006000000000000085, 0.00019999999999999573, 0.0008800000000000523, 0.9688544286293874, -0.189316926417341, -0.15962517814278135, 0.19878633092727077, 0.9789881016064819, 0.04545647972963394, 0.14766546909043152, -0.07577201518257329, 0.9861305750018478
0.0005670000000000073, 0.00024199999999999732, 0.0012980000000000018, 0.9745077246711545, -0.16088821639039674, -0.1563639228945294, 0.17096529824433215, 0.9838396547849777, 0.05320150814406149, 0.14527753216680148, -0.07857808536286023, 0.9862656453249455
0.0005250000000000057, -7.0000000000050025e-06, 0.0016750000000000113, 0.9670724292916163, -0.20027206614245605, -0.15704144684459415, 0.209236819935449, 0.9769354386138924, 0.042627478972865764, 0.14488226146534394, -0.07408271258069132, 0.9866716181229571
0.0004960000000000093, 0.00011399999999999721, 0.0021940000000000167, 0.969205915074891, -0.18934194773167715, -0.157446883147994, 0.19873248290568915, 0.9789706821452608, 0.04606304091332321, 0.14541421671206428, -0.07593438173329232, 0.9864525712110032
0.0005750000000000028, 0.0002809999999999988, 0.002406000000000006, 0.9720555022339706, -0.17418921142186256, -0.15737286678742626, 0.18407774060246795, 0.981613549536907, 0.050499750298837756, 0.1456828266864488, -0.07805740188978942, 0.9862472083706307
0.0007730000000000103, 0.00036199999999999476, 0.002921000000000049, 0.9723962123264958, -0.1712867306097865, -0.1584501882930252, 0.18124653581960443, 0.9821353793686015, 0.05059436575238603, 0.1469533922931947, -0.0779163173507564, 0.9860698494447636
0.000984000000000009, 0.0005159999999999982, 0.0033490000000000464, 0.9745741534573914, -0.15702266329685546, -0.1598408665641282, 0.16737124962307223, 0.9844467898136751, 0.0533983410337935, 0.14897007824533195, -0.07879340858671126, 0.9856974761816464
0.0009759999999999991, 0.0006430000000000007, 0.0035440000000000397, 0.9807670925387039, -0.11307266483057722, -0.1590926857567296, 0.12443988385833217, 0.9902014229669832, 0.06337079184834639, 0.1503682995132364, -0.08194946261125564, 0.9852277199100846
0.0009810000000000088, 0.0007310000000000016, 0.004010000000000047, 0.9790060957000875, -0.12600190221637883, -0.16022042697460678, 0.13728284403361332, 0.9886293737581522, 0.06136270916938389, 0.15066680230267646, -0.08206998221285236, 0.9851720827873008
0.0008260000000000076, 0.0005, 0.004387, 0.974636780974704, -0.1529333187895463, -0.16338465403850583, 0.16356192511025985, 0.9850741055855722, 0.05363304167219131, 0.152743712883683, -0.07899624363727849, 0.9851035233241768
0.0005260000000000105, 0.0006209999999999951, 0.004850999999999999, 0.9716804398132144, -0.16714867673190426, -0.16702826931741738, 0.17799062580461517, 0.982652369752841, 0.05209277632078751, 0.15542348603116518, -0.08034699798934311, 0.9845749843988627
0.00029200000000000157, 0.0006379999999999982, 0.005312000000000012, 0.9670170097090238, -0.18799696322372092, -0.1718582111860723, 0.19866820689390904, 0.9789390149016182, 0.04700370914096377, 0.15940215338249564, -0.07959614891505923, 0.9839996984628171
-0.00014499999999999602, 0.0006659999999999968, 0.005832000000000051, 0.9710504283626711, -0.16003025494422526, -0.1773453779469867, 0.17188864292677727, 0.9836597295920153, 0.053552131719984165, 0.16587754522377088, -0.08248547679106875, 0.9826905851330245
-9.999999999999431e-05, 0.0007590000000000003, 0.00606800000000004, 0.9755577266979782, -0.12973685564938903, -0.177356900531337, 0.14285463915340468, 0.987720088628576, 0.06325803183714213, 0.1669720753665819, -0.08704811776120114, 0.9821114759751098
-9.899999999998955e-05, 0.0006490000000000009, 0.00651400000000001, 0.9794608008862405, -0.09394955705796498, -0.17840969776303256, 0.10855771967584074, 0.9913361768163819, 0.07394461463731591, 0.1699169238953731, -0.09179360143110063, 0.981173875370845
-0.00014999999999999148, 0.000564, 0.006827000000000055, 0.9769497141627943, -0.11385568647635076, -0.18057169948315113, 0.12846684527137814, 0.9891428695004855, 0.07136282913650027, 0.17048614507711266, -0.09291537210464404, 0.9809695244824893
-0.00017300000000000182, 0.0005300000000000012, 0.00707000000000005, 0.9755825172838845, -0.12446767674044744, -0.18096007685916465, 0.13909072648043544, 0.9877703608022557, 0.07045199874897976, 0.1699780038039746, -0.09390160684150739, 0.9809637946710362
-5.700000000000216e-05, 0.0003329999999999984, 0.007408000000000015, 0.9721179223538096, -0.14973012821984258, -0.18046504853234674, 0.1637352905277972, 0.9843406559885249, 0.06530105361981783, 0.16786154912394502, -0.09302882172396884, 0.981411299432791
-0.00035199999999998964, 7.999999999995566e-06, 0.007686000000000036, 0.966382174064034, -0.18042986124995966, -0.18316811627734583, 0.1933675741636898, 0.9795684150402166, 0.05526935423584824, 0.1694534594315528, -0.08883009301423728, 0.9815267391476205
-0.0006139999999999901, -1.7000000000003012e-05, 0.007974000000000047, 0.9651837094322581, -0.18764546206117008, -0.1822349791188197, 0.20051111692414217, 0.9781586386154042, 0.05478110707070721, 0.167975292934466, -0.08941397133507314, 0.9817277844156552
-0.0007530000000000001, -4.800000000000182e-05, 0.008164000000000044, 0.9687438576749998, -0.17113299788931816, -0.17957960700027878, 0.18434337000631176, 0.9810575002873682, 0.05952901027748532, 0.16599054235611135, -0.09077267299862628, 0.9819406609795771
-0.0009499999999999886, 5.099999999999483e-05, 0.008354000000000042, 0.9691273618936371, -0.17042648588477605, -0.17817679236658662, 0.18344303805983486, 0.9812456968681685, 0.05920755158829559, 0.16474467583645142, -0.09006495037842936, 0.9822156059118965
-0.0007759999999999962, 0.0002629999999999981, 0.00832000000000005, 0.9730490862990433, -0.1507896927708203, -0.17446473628409442, 0.16408389170742568, 0.984342953571139, 0.06438498456155889, 0.16202454176680392, -0.09127660329420681, 0.9825561711965017
-0.0007839999999999918, 0.0005429999999999992, 0.008334000000000003, 0.9740387029194932, -0.14678821771609427, -0.17234217230452856, 0.15964924359652868, 0.9851469643678993, 0.06322639967426093, 0.16050147735758555, -0.08909925777718718, 0.9830058992852417
-0.0007259999999999991, 0.0008149999999999977, 0.008366000000000042, 0.9771677534007681, -0.12894246457149078, -0.1688698390593346, 0.1417997174831181, 0.9876670991174046, 0.06638178547402059, 0.15822775305047979, -0.0888118356484137, 0.9834004454002223
-0.0005769999999999982, 0.0009409999999999954, 0.008384000000000015, 0.9735574800837775, -0.155114877550962, -0.1677057176582701, 0.1671547714802226, 0.9840942712689459, 0.06014771506081704, 0.1557084305499221, -0.08659006881850098, 0.98400053081169
-0.0004350000000000023, 0.0011749999999999972, 0.00856800000000004, 0.9717970817213105, -0.16673478720979654, -0.1667631334919335, 0.17864449497683135, 0.9821394009230464, 0.059062183916550555, 0.15393692335634568, -0.08718777373361153, 0.9842264555166962
-0.0003499999999999943, 0.0013359999999999984, 0.008686000000000036, 0.9707502204014663, -0.17305580950186847, -0.1664202403199731, 0.1850169998894726, 0.9809529094945891, 0.059161635423637136, 0.15301215423097442, -0.08822174421169342, 0.9842785197828118
-0.00026999999999999605, 0.0012879999999999966, 0.008884000000000015, 0.9660745635130615, -0.1975170832696376, -0.16639392882465034, 0.20889680049653528, 0.9764598822220856, 0.05374221016242066, 0.15186199154284294, -0.08667814157840543, 0.9845937412441517
-0.0003539999999999992, 0.0011009999999999991, 0.009049000000000034, 0.9746495272872844, -0.1517503332179856, -0.16440844055857753, 0.16393032660318124, 0.9844477803760745, 0.0631618217944553, 0.1522666968790198, -0.0885121691116569, 0.9843680454691234
-0.00037699999999999534, 0.0009669999999999988, 0.009144000000000006, 0.9751560592601906, -0.14819283668624336, -0.1646497593166176, 0.16036723719482518, 0.9850309894843629, 0.0632162873787729, 0.15281691438657694, -0.0880501726877428, 0.9843242137461743
-0.0005399999999999921, 0.0009069999999999965, 0.009163000000000011, 0.9767001488860259, -0.1367473156758389, -0.16539948857680115, 0.14915714341469874, 0.9866723875322114, 0.06503649936653053, 0.15430154158135267, -0.08819167385268403, 0.9840799067802777
-0.0005799999999999983, 0.0008939999999999983, 0.00916900000000004, 0.9774550204472606, -0.1310581448366406, -0.1655459020164003, 0.1433908559629434, 0.9875402154769762, 0.06483351943170976, 0.15498627496865613, -0.08710961765307892, 0.9840686810805812
-0.00047099999999998944, 0.0011069999999999993, 0.009062000000000011, 0.9793226317336586, -0.11751332843512662, -0.16467483297200863, 0.12993721602314223, 0.9892704026911898, 0.06678615314094918, 0.1550596751783524, -0.08680258060282026, 0.9840842490022258
-0.0005879999999999939, 0.0012379999999999995, 0.008991000000000042, 0.979008907160621, -0.11790346044281169, -0.16625382316138507, 0.1301650128931981, 0.9893688180212518, 0.06485685272771778, 0.156839501142666, -0.08513586754618548, 0.9839477907584722
-0.0005540000000000021, 0.0014879999999999995, 0.008878000000000042, 0.9741918731427472, -0.1499706974389393, -0.16869790814442132, 0.16134802499211418, 0.9853182387527553, 0.05581024289780957, 0.15785122468251417, -0.08158895936857229, 0.984086496490722
-0.0005480000000000018, 0.001722999999999999, 0.008848000000000014, 0.9768408685617925, -0.13177252958230665, -0.1685761488316864, 0.14379084320330796, 0.9877176272051031, 0.06113985867830193, 0.15844907989106302, -0.08396361923953223, 0.9837906279924985
-0.0005360000000000013, 0.0016329999999999956, 0.008848000000000014, 0.9721462157828332, -0.15917685619829464, -0.17203041472351566, 0.17073648330761698, 0.9838063967394489, 0.0545346403883814, 0.16056396982780785, -0.08238751231448657, 0.9835809623044589
-0.0003649999999999949, 0.0015409999999999968, 0.008908000000000015, 0.9699186601521832, -0.1697707998134671, -0.17445821339016876, 0.181388639850182, 0.9819907285416843, 0.052842884019262445, 0.16234516938269195, -0.08289803730407576, 0.9832456261734589
-0.00040699999999999645, 0.0014080000000000013, 0.008906000000000006, 0.9712030101207998, -0.15699664182805922, -0.17921151633477583, 0.16953148887109937, 0.9838854469764459, 0.05681990416313221, 0.16740306870976362, -0.08556565714509126, 0.9821683821544465
-0.00032200000000000273, 0.0012549999999999955, 0.008872000000000014, 0.970567178020835, -0.15961612264726088, -0.18033869895207547, 0.17207675575631587, 0.9835129918374327, 0.055603821949245805, 0.16849018688651854, -0.08499934280944053, 0.9820316535860284
-0.0003059999999999974, 0.001222999999999999, 0.008847000000000037, 0.9694777126983112, -0.1634696759160582, -0.1827310308545038, 0.17574085822974317, 0.9830087288608226, 0.052999903132959915, 0.1709623213749861, -0.08349553305015021, 0.9817333551584907
-0.00029699999999999703, 0.0014209999999999993, 0.00879200000000003, 0.9699238263832797, -0.16122491129220856, -0.18235761292810648, 0.17335448640525863, 0.9834564964758584, 0.052550371859760074, 0.1708683500745139, -0.08258236808332356, 0.9818269498361532
-0.0003109999999999928, 0.0015300000000000012, 0.008886000000000024, 0.9698175539436312, -0.16285005049849333, -0.18147664619843049, 0.1746776555670519, 0.9832982645652251, 0.05111007286842223, 0.1701223933184298, -0.08126736094924716, 0.9820661827677168
-0.00042600000000000195, 0.0015589999999999975, 0.009086000000000012, 0.9700979769785528, -0.16232568150495694, -0.1804446956440406, 0.17381184609568226, 0.9835253466472164, 0.04967227253995775, 0.16940884634200787, -0.07955039677100455, 0.9823300754607107
-0.0002819999999999965, 0.0014949999999999974, 0.009253000000000042, 0.9695268551003714, -0.16721575341748265, -0.17904348367982334, 0.17851247901013853, 0.9827244380159023, 0.04884643041189267, 0.1677825142165845, -0.07931942218241798, 0.9826278324919404
-0.00044599999999999794, 0.0013699999999999975, 0.009581000000000017, 0.9672263665968316, -0.17938128307910492, -0.1797095185035718, 0.19052559137832217, 0.9805727847485299, 0.046658470189814935, 0.16784860675570767, -0.07936856488186782, 0.9826125768169063
-0.0005309999999999917, 0.0013239999999999981, 0.009712000000000045, 0.9580663245448918, -0.22169467089011122, -0.18154996742485882, 0.23204725535138346, 0.9719757034764992, 0.037647086676850725, 0.16811599881311676, -0.07819657761238491, 0.9826608296827437
-0.0004679999999999893, 0.0012369999999999948, 0.009934000000000026, 0.96024811792587, -0.21152379652787368, -0.18215717257977862, 0.22275301912998635, 0.9739115380400447, 0.04332907269894658, 0.1682398421548846, -0.0821827206589643, 0.982314285723663
-0.0004649999999999892, 0.0013449999999999988, 0.010029000000000053, 0.9663905492690344, -0.1801149235765283, -0.18343369534661616, 0.19266955781248407, 0.9798345052417519, 0.05294132440724476, 0.17019914152496682, -0.08650408454328987, 0.9816054683942483
-0.00028300000000000124, 0.001335000000000001, 0.010122000000000015, 0.9685921720245849, -0.16640727368562408, -0.18476423776590212, 0.1792760004603675, 0.9822512404782373, 0.055159915136796564, 0.17230589064692858, -0.08655125558582087, 0.9812336929625312
8.000000000009778e-06, 0.0015049999999999955, 0.01025, 0.9698399158211578, -0.15870497539457457, -0.18499532011652958, 0.17154265291213383, 0.9836129451960335, 0.055485964663618, 0.17315789301061896, -0.08554709128773794, 0.9811717684790623
0.00018500000000000227, 0.0016119999999999947, 0.010331000000000017, 0.9732471479084941, -0.13858625493190388, -0.1832589398417746, 0.15175087353648872, 0.9866074893047022, 0.05981082200391798, 0.17251568470401302, -0.08602041613373591, 0.9812435103170285
0.0004230000000000018, 0.001665999999999997, 0.01054200000000003, 0.9741252781725995, -0.134168512802689, -0.18187565146954182, 0.14719754759058384, 0.9872808275723057, 0.06007869415575698, 0.17150167465209598, -0.08529582451947962, 0.9814844868417782
0.00038600000000000987, 0.0016340000000000003, 0.010743000000000051, 0.9680592152420097, -0.1694583776040413, -0.18478423646196313, 0.18156707326518096, 0.9820768737308601, 0.05058074721608096, 0.1729009938980715, -0.08251589145629357, 0.9814766293530541
0.00039300000000000066, 0.0015719999999999957, 0.011015000000000044, 0.9721542096201683, -0.14441009518229922, -0.1845587091611369, 0.15733227581576884, 0.985880418640453, 0.057326740077872945, 0.1736742574603867, -0.08476747342444765, 0.9811481680892131
0.00037100000000000934, 0.0014959999999999952, 0.011199000000000013, 0.9706171285492161, -0.15227210547408182, -0.1863212163479097, 0.16497861375156792, 0.9847838569105357, 0.05461512769389468, 0.17516976557467173, -0.08374939440318094, 0.9809697203102729
0.0005559999999999974, 0.001585000000000001, 0.011353000000000009, 0.9705106805645073, -0.15096660032501216, -0.1879311163605561, 0.16408159477263892, 0.9848437308859171, 0.05621437531072272, 0.17659628865603139, -0.08539268892016057, 0.9805722000505115
0.00038600000000000987, 0.0016229999999999975, 0.011505000000000052, 0.9694778877630373, -0.1517407589536837, -0.19258080696341387, 0.16522403947600314, 0.9846702625392437, 0.055906089562132756, 0.18114536129239348, -0.08601869647383129, 0.9796872674171034
0.00023400000000000886, 0.0017369999999999948, 0.011602000000000032, 0.9721259305413844, -0.1311763951736511, -0.19432943296961938, 0.14567506603794972, 0.9873729426234225, 0.06223702523420356, 0.18371159545299984, -0.08881117905089438, 0.9789599706687212
0.00014700000000000558, 0.0017250000000000015, 0.011687000000000012, 0.9722190787084372, -0.1287937818764503, -0.19545389416759887, 0.14341948710621938, 0.9876826306436234, 0.06256094503027174, 0.18498895565278098, -0.08885484159489027, 0.9787154353598599
-0.00010699999999999932, 0.001455999999999996, 0.011962000000000046, 0.9720044540679302, -0.12592233865223448, -0.1983706276152214, 0.14028034162441724, 0.9882912794675102, 0.060014770533664434, 0.1884907611153439, -0.08616212367869992, 0.9782879542431945
5.000000000009663e-06, 0.0014669999999999987, 0.012216000000000008, 0.9733210832588752, -0.11733940616351236, -0.19717386400069334, 0.13184568797638901, 0.9893241138806991, 0.062084718379020444, 0.18778387429649626, -0.08642488909662475, 0.9784007129488581
-0.0001559999999999917, 0.0014459999999999979, 0.012486000000000047, 0.9704481119032892, -0.13704386123732015, -0.19861883646952408, 0.15073099531404666, 0.987018951026159, 0.05544147695415347, 0.18844264155168874, -0.08374109154045717, 0.9785074350420823
-2.899999999999636e-05, 0.0015229999999999961, 0.012864000000000033, 0.9689390856796959, -0.14920416675781603, -0.19721857129667358, 0.16243220458333293, 0.9853167505040343, 0.05259924039726339, 0.18647473597351888, -0.08300010721846482, 0.9789474730777592
0.00022299999999999897, 0.001655000000000001, 0.013032000000000038, 0.9701878758988092, -0.14420596301961183, -0.19478225198550048, 0.1577810668928906, 0.9858852596134289, 0.05599455158408782, 0.18395820283177877, -0.08505818659334459, 0.9792468966018497
0.00017600000000000192, 0.0018269999999999981, 0.013399000000000001, 0.9692798751286545, -0.14958238201743776, -0.19524762395627007, 0.16334548466088752, 0.9849605226280597, 0.05631182384863019, 0.18388794498683017, -0.08647473535229071, 0.9791360190669485
-7.299999999999329e-05, 0.0019039999999999964, 0.013787000000000035, 0.9670877444663016, -0.15860754969479918, -0.1989596433523472, 0.17251831544630797, 0.9834954023514122, 0.054536450097178925, 0.1870260017715439, -0.08706571502862495, 0.9784890576434183
-0.00011399999999999011, 0.0019699999999999987, 0.013950000000000046, 0.966871260968411, -0.15851820418376764, -0.200079843201929, 0.1727300920379324, 0.9833996427183634, 0.05558289310536861, 0.1879475459215218, -0.08830131167626441, 0.9782017165893387
-0.00018599999999999284, 0.0019140000000000014, 0.014210000000000037, 0.96413487761382, -0.1709704607051289, -0.2030099488568495, 0.1848525370931769, 0.981422814253037, 0.05136924365673277, 0.19045597207438872, -0.08705378354744325, 0.9778282883365949
-0.0001670000000000016, 0.0018939999999999983, 0.014332000000000051, 0.9612889180672042, -0.18404554662748504, -0.20506304583657775, 0.197463947208356, 0.9791907025642359, 0.04683543065515627, 0.19217597548621873, -0.0855149389191654, 0.9776275311526225
0.00012400000000000944, 0.0019319999999999951, 0.014402000000000043, 0.961518942454446, -0.18372288095405395, -0.20427243160844416, 0.19706483409960088, 0.9792711337369044, 0.046834792525801056, 0.1914334726806698, -0.08528745302552174, 0.977793063942386
0.00024200000000000445, 0.0019020000000000011, 0.014513000000000033, 0.969535497912093, -0.13852932315855407, -0.20201619963157139, 0.15326473511423985, 0.9864135550160371, 0.0591457475308703, 0.1910780972762496, -0.08830586110704346, 0.977594617229162
0.0005440000000000112, 0.001957000000000001, 0.014573000000000036, 0.9694893053495737, -0.14093529484111547, -0.20056851567693587, 0.15545067308612, 0.9861109368366743, 0.05848340352757446, 0.18954043117465377, -0.08787754502229066, 0.9779324935960466
0.0006150000000000091, 0.0020949999999999988, 0.014680000000000007, 0.9715653296728421, -0.12672543977232917, -0.20000368269662328, 0.14188211429835842, 0.9878572929077694, 0.06330430073195137, 0.1895528312105344, -0.08988120917880199, 0.9777479697839455
0.0006099999999999994, 0.002239999999999995, 0.014831000000000018, 0.9697243977751716, -0.13873870486486356, -0.20096309146706756, 0.15362454114348384, 0.9862816149001279, 0.06039930850969812, 0.18982648055009269, -0.08944354578400804, 0.9777350149194562
0.0007460000000000094, 0.002302, 0.014981000000000052, 0.9672746198876648, -0.15438216132413388, -0.20136026913485888, 0.1688296341448378, 0.9840209845374567, 0.05656197153967313, 0.18941057086576218, -0.08870654009047854, 0.9778828075947968
0.0007180000000000036, 0.0022929999999999995, 0.01506600000000003, 0.9647236229300419, -0.16747697277778087, -0.203125072184418, 0.1815601830377779, 0.981968392229497, 0.05266855416190528, 0.19064163054281497, -0.08769002367092518, 0.9777352547865754
0.0004960000000000093, 0.0021329999999999956, 0.01524200000000002, 0.9641478989816371, -0.16726755746909588, -0.20601066260661782, 0.1813040260297939, 0.9820976617795335, 0.05111783321465202, 0.19377223494268425, -0.0866357140300458, 0.9772136787928326
0.0005709999999999979, 0.002210000000000001, 0.01530600000000004, 0.9632495906371474, -0.172130624433067, -0.2062068725082905, 0.18622284974767447, 0.9811906430716396, 0.05085245500973778, 0.19357498900742054, -0.08738403790707311, 0.9771861406865288
0.0005550000000000068, 0.0020859999999999984, 0.015423000000000003, 0.9638653553388473, -0.16717569680163014, -0.2074026595210559, 0.18141783859125893, 0.9820553246193084, 0.05152579186912769, 0.19506702596388126, -0.08729046789744101, 0.9768977580053362
0.0007150000000000034, 0.002152000000000001, 0.015496000000000038, 0.9677945152718078, -0.14403601411468347, -0.20646404734907514, 0.15931859631490286, 0.9854431478625556, 0.059324423292489166, 0.19491372726941392, -0.09030741369728239, 0.9766540892011114
0.0010430000000000064, 0.0023900000000000006, 0.01563900000000001, 0.9675609660054618, -0.14719284586414313, -0.20532910945356067, 0.16274031865912672, 0.9847867567364643, 0.0609149607173959, 0.19323914133866252, -0.0923542629383755, 0.9767954362975935
0.0009969999999999998, 0.002177999999999997, 0.015800000000000012, 0.9657741295308772, -0.15718370078958813, -0.2063337464763486, 0.17198309870024528, 0.9835210310594734, 0.05575119034758283, 0.1941704006545245, -0.08932897441368029, 0.976892107573739
0.0011090000000000089, 0.002295000000000002, 0.01603800000000001, 0.9660670745173443, -0.15430002436970833, -0.20713741818659326, 0.16938617030521166, 0.983895446832849, 0.057079549848633115, 0.19499418668984475, -0.09022888773057203, 0.9766452861587313
0.0010460000000000066, 0.0023149999999999976, 0.016367000000000017, 0.967732374191105, -0.14100032603830465, -0.20883716144292663, 0.15672705512797108, 0.9857752476163811, 0.06069424501364631, 0.19730859619733027, -0.09146621914102712, 0.9760651866666922
0.0009600000000000079, 0.002354999999999997, 0.016652000000000045, 0.959664208575921, -0.1835365534249598, -0.2129763844543294, 0.19788889932596168, 0.9790502299309165, 0.04796489128288724, 0.19971126733840242, -0.08817585173451216, 0.9758793106060722
0.000686000000000007, 0.0024009999999999965, 0.01709200000000004, 0.955845835686613, -0.19736461694339624, -0.21772906645495688, 0.2114639445652931, 0.9764288899689787, 0.0432391371657066, 0.2040630749289229, -0.08737179643760692, 0.9750509887374189
0.0006839999999999975, 0.0024849999999999994, 0.017298, 0.9582553003623369, -0.1842714274626346, -0.21861111670811845, 0.19927242380974128, 0.9787439541119066, 0.048484774913171325, 0.20502995009626873, -0.09002395964560228, 0.9746067957146864
0.0005670000000000073, 0.0024889999999999973, 0.017656000000000005, 0.9617349396613285, -0.16043479018357648, -0.22209588905104216, 0.17681364448843506, 0.982660841108183, 0.05580865950079791, 0.20929128256412954, -0.09294272134659337, 0.9734263246858241
0.0005310000000000059, 0.0025049999999999955, 0.01781400000000002, 0.9576349971145293, -0.1795438544337396, -0.22516486545758344, 0.19533214888004735, 0.9794753606344936, 0.04973298225354954, 0.21161418646999672, -0.09160798133899138, 0.9730505710597145
0.0006640000000000015, 0.0024239999999999995, 0.018112000000000024, 0.9628615209555679, -0.14905460345325205, -0.22512311443413519, 0.16644050479334221, 0.9842106021261114, 0.06022498673055057, 0.21259174449462603, -0.09545792712997361, 0.9724672407442734
0.0007510000000000048, 0.0022419999999999975, 0.018453000000000032, 0.9602531108903093, -0.1625226648487831, -0.2269368776464803, 0.17927921491552376, 0.9822512696300499, 0.055148947491575145, 0.21394608228419815, -0.09364201365095262, 0.97234677309828
0.0007780000000000058, 0.0020989999999999967, 0.018946000000000025, 0.9524464947934146, -0.20001317768625596, -0.22987040546269666, 0.2152405941586966, 0.9756168737808514, 0.04293253102590022, 0.21567837439564874, -0.0903683813395195, 0.9722738268986396
0.0008050000000000068, 0.0020779999999999956, 0.019555000000000006, 0.9483120343803615, -0.2161545011739855, -0.23233922843894841, 0.23099760370290467, 0.9721977687665685, 0.03836151051277499, 0.21758766631612222, -0.0900484870918521, 0.9718780157198601
0.0009279999999999973, 0.0021950000000000003, 0.019979000000000042, 0.9466201040544753, -0.2218176523645713, -0.23389593348189036, 0.23687119037609894, 0.970797815633014, 0.037995267231310054, 0.21863764033145017, -0.09137029200806454, 0.9715189406124086
0.0009960000000000092, 0.002245999999999995, 0.020539000000000043, 0.9527832494338201, -0.19074610238042775, -0.23626257432146702, 0.2077772057811413, 0.9769390933853888, 0.04917967642346117, 0.22143331356440615, -0.0959475494320228, 0.9704438960609094
0.0009939999999999999, 0.002265999999999998, 0.020881000000000028, 0.9527939046838014, -0.18741341483684396, -0.238872323923447, 0.20490346189748296, 0.9774841541386531, 0.050391464656910245, 0.2240498750274633, -0.09695844649660451, 0.9697426014944085
0.001125, 0.002265999999999998, 0.021236000000000047, 0.9553218753847148, -0.17137245576327453, -0.24081444270868763, 0.18998995839513405, 0.9801780350778552, 0.05616792020299517, 0.22641539285226725, -0.09941076881595533, 0.9689445644220179
0.0010360000000000013, 0.002067999999999998, 0.02146600000000001, 0.9497352771324925, -0.19630292558813284, -0.2438607487391271, 0.21336092056236827, 0.9759200766226489, 0.045355502660888766, 0.22908518273089262, -0.09510607472913123, 0.9687490973429448
0.0013370000000000033, 0.002024000000000001, 0.021715000000000033, 0.9501837279095904, -0.1935005355681885, -0.2443530764092359, 0.2109228721990973, 0.9763716504086385, 0.04701002299079101, 0.2294829518703229, -0.09620781160142686, 0.9685461433446253
0.001597999999999999, 0.002033999999999999, 0.021807000000000017, 0.9518894905994386, -0.1850064805170741, -0.24429285673761877, 0.20303248668572346, 0.9778654478052657, 0.050566543670875666, 0.22953040547289758, -0.09773314767924203, 0.9683821687785017
0.0016129999999999996, 0.0020549999999999995, 0.02210700000000003, 0.9533028894730697, -0.17397306173192076, -0.24687441081229466, 0.19293948979275868, 0.9796878405698894, 0.054645112480598015, 0.23235308089372586, -0.09972516648834702, 0.9675055229651485
0.0018880000000000051, 0.0020760000000000006, 0.022364000000000033, 0.9513886367426002, -0.18248505163331885, -0.24811059591932358, 0.20132422800101413, 0.9781121832327908, 0.052584334467398165, 0.23308414166745148, -0.09997881246528426, 0.9673034787289763
0.0019860000000000043, 0.0021129999999999994, 0.02257000000000005, 0.9547261888732443, -0.16349227648820647, -0.24853204986132948, 0.18363957144162318, 0.9811604440846994, 0.060005756092667645, 0.23403933874523636, -0.10292938595085269, 0.9667632230424744
0.0021219999999999998, 0.0021069999999999995, 0.02289100000000002, 0.949103513206629, -0.1895232803137452, -0.2515620150935983, 0.20846098701104898, 0.976718580985127, 0.05064415516897558, 0.23610704799563587, -0.10050741155515627, 0.9665152467029524
0.0021950000000000073, 0.0021569999999999966, 0.02313900000000001, 0.9486636498653865, -0.19026270157848357, -0.2526606099338409, 0.20932175444240136, 0.9765382978047145, 0.05057030786762383, 0.2371111185525441, -0.10086157498635508, 0.9662325083281113
0.002183000000000007, 0.002170000000000002, 0.02358200000000005, 0.9540960776012444, -0.15937078365328167, -0.2535776567910893, 0.18030182501226832, 0.9816924575985807, 0.06140985744409859, 0.23914833598243154, -0.10431141841523404, 0.9653637663518537
0.0020949999999999988, 0.0020629999999999954, 0.023895000000000038, 0.9515614906878945, -0.1706852263273748, -0.2557289247492455, 0.19082551484333102, 0.9800286727987021, 0.055941249335284646, 0.24107333391441307, -0.10203114233403286, 0.9651286409952834
0.0021970000000000028, 0.002049999999999997, 0.024444000000000018, 0.9585265683374831, -0.13076367246969214, -0.2532344363498133, 0.15334913816216597, 0.9855805732796318, 0.0715190561928316, 0.24023084651245244, -0.10738619807047621, 0.9647576612019616
0.002236000000000004, 0.002111999999999995, 0.024803000000000054, 0.9591880474229684, -0.12665001247255658, -0.25282022075303806, 0.14986907598803512, 0.9858782591588015, 0.07472160450969897, 0.23978646697302622, -0.10956200280531828, 0.964623562742421
0.0022510000000000047, 0.002161999999999999, 0.02530800000000005, 0.9565778021070462, -0.14264582840796686, -0.25418708888111846, 0.16546667760389627, 0.9836799517342361, 0.07067199699215632, 0.2399576777658531, -0.10966275664023764, 0.9645695375074226
0.0022280000000000086, 0.002312999999999995, 0.02577200000000005, 0.953540050560136, -0.15865396894576453, -0.2561060134310196, 0.18135828868389883, 0.9811005706511146, 0.06745992435294478, 0.24056297118097958, -0.11077268799579522, 0.9642919000441543
0.0021670000000000014, 0.0023539999999999993, 0.026072, 0.9496707585915968, -0.1775653171802971, -0.25806202434825926, 0.1996571883666864, 0.977910765163529, 0.06186713595109036, 0.24137617407186351, -0.11027734813615025, 0.9641454501673945
0.0019420000000000073, 0.0024050000000000013, 0.026640000000000042, 0.9503494286053379, -0.1722152860200741, -0.2591869186717028, 0.19525500594460352, 0.9785465219763433, 0.06574334172807732, 0.2423044494083438, -0.11308669059189054, 0.9635870247195597
0.0018299999999999983, 0.002330999999999996, 0.027, 0.9517395355753995, -0.16478594604432684, -0.25891590991864377, 0.1884251497824238, 0.9796514679656604, 0.06913005310426219, 0.24225569003058364, -0.1145800737432262, 0.9634228497128365
0.0017630000000000052, 0.0021460000000000008, 0.027463000000000022, 0.9526614032602072, -0.1600410201147068, -0.2585016878454315, 0.1839084978713296, 0.9803908392038588, 0.07079171431646814, 0.24210310850752007, -0.11498119100877888, 0.9634134162264913
0.0017680000000000007, 0.002183, 0.027686000000000037, 0.9569995705014348, -0.13461698047081228, -0.25696320870698625, 0.16010818949772887, 0.9837781033672849, 0.08090742234694512, 0.24190326520290828, -0.11857028255000729, 0.9630285034100408
0.0018730000000000047, 0.0020829999999999985, 0.027984000000000037, 0.956070387825953, -0.1404360841909153, -0.25730744213771584, 0.16541043222459167, 0.9831334457285725, 0.07802574447666395, 0.24200992218007428, -0.1171594390008165, 0.9631743681283303
0.0019369999999999975, 0.002110999999999997, 0.02819500000000005, 0.9532695945788684, -0.15631179527638073, -0.25854149127154596, 0.18041132194367548, 0.9809431965515425, 0.07212627852438751, 0.24234032880636175, -0.11539960050501426, 0.9633037409027891
0.0020589999999999975, 0.0022479999999999974, 0.028463000000000023, 0.9504997703040622, -0.16981811107064926, -0.2602152874147131, 0.19338407566833715, 0.9787902858575444, 0.06761786442065125, 0.24321345754260382, -0.11459225743174521, 0.9631800603245837
0.0022109999999999986, 0.002295000000000002, 0.028543000000000006, 0.9438953557429887, -0.2008156260875401, -0.2621729233271168, 0.22251736231677838, 0.9733433729520291, 0.05557609016430496, 0.24402373014606707, -0.11079604076607005, 0.9634192527016278
0.0021950000000000073, 0.0023149999999999976, 0.02855800000000005, 0.9430157868446756, -0.2041328480883683, -0.26277558123434686, 0.2256284193554861, 0.9727117022842328, 0.05407180983151234, 0.24456705039899096, -0.11028020933350408, 0.9633406631553015
0.002097999999999999, 0.002177999999999997, 0.028632000000000005, 0.9376427105095283, -0.22518758639208575, -0.26479557844354595, 0.24509904604157118, 0.9684864768146537, 0.04427642551800187, 0.2464804354464203, -0.10641661130691166, 0.9632875478174193
0.0021219999999999998, 0.0021030000000000016, 0.02859100000000001, 0.9428138311847675, -0.20346114817972208, -0.2640182586642257, 0.2246447576732912, 0.9730330174360524, 0.05235914274698501, 0.24624543158525616, -0.10867524170978436, 0.9630954673669225
0.0020020000000000094, 0.002037999999999997, 0.028720000000000027, 0.949340636457381, -0.17174204685385225, -0.26316729529549104, 0.19487418250607413, 0.9787200908871585, 0.06427314125217273, 0.24652871833375573, -0.11230161635649624, 0.9626068449790051
0.0020900000000000033, 0.0020150000000000007, 0.028807000000000017, 0.9510101445209849, -0.16404025160988892, -0.2620505692990185, 0.1875968421611708, 0.9799319987702653, 0.06738473563997685, 0.24573792916302548, -0.11324342646651567, 0.9626987049605866
0.002430000000000007, 0.002183, 0.028882000000000005, 0.9560824614391216, -0.1382045340431126, -0.25846824504847155, 0.16344403834547863, 0.9834043305974912, 0.07875258022072615, 0.2432948278485022, -0.11753905449690469, 0.9628043401492025
0.0025690000000000027, 0.002183, 0.029035000000000026, 0.9551298121481658, -0.14389876840978308, -0.2588825725999282, 0.1687364465733827, 0.9827027514877128, 0.07631064025590767, 0.24342360925677986, -0.11656949287281898, 0.9628896612736977
0.0028029999999999973, 0.0022999999999999974, 0.02924100000000004, 0.9510298624855905, -0.16572091766515698, -0.2609191026139273, 0.18944079402857697, 0.9795090073467366, 0.06836878004201075, 0.24424247423095996, -0.11444947345806722, 0.9629366187899959
0.0030640000000000073, 0.0026199999999999973, 0.02945500000000004, 0.9470472432614052, -0.18315700259077178, -0.2637328789380209, 0.2065577763496126, 0.9763603850589001, 0.06367325590182871, 0.24583613253644424, -0.11477765849502405, 0.9624919142776854
0.003102000000000004, 0.002580999999999996, 0.029678000000000055, 0.9442113418813001, -0.1938123105103975, -0.26627378796519974, 0.21646687511794738, 0.9745506546897025, 0.05825043708457043, 0.24820764258859127, -0.11264017817144018, 0.9621357266114384
0.003182000000000002, 0.0026969999999999954, 0.03004400000000004, 0.9440008203464545, -0.19012998334332562, -0.2696535566594432, 0.2133935783795162, 0.9751542987243113, 0.05947498958286561, 0.2516458461640209, -0.11368677633464418, 0.9611189754629915
0.003314000000000007, 0.0027689999999999985, 0.03032400000000001, 0.94936730035932, -0.16097741461419, -0.2697925147082249, 0.1863771780913784, 0.9798977008056197, 0.07116209273591509, 0.2529135751499931, -0.11784213143011094, 0.9602853511143744
0.003160000000000011, 0.002510999999999996, 0.030982000000000027, 0.9524762315289467, -0.13607719145764646, -0.27252894587073784, 0.16308047965215278, 0.9834521821088416, 0.07890857153555494, 0.2572815297079064, -0.1196026900632132, 0.9589063619565795
0.0032450000000000044, 0.0023829999999999954, 0.031386000000000025, 0.9526420359915727, -0.1325362188232546, -0.27369198373694803, 0.15989084787795124, 0.983880650521927, 0.08008609300883633, 0.25866593905402635, -0.12005422203564735, 0.9584773944881092
0.0034140000000000017, 0.0023429999999999966, 0.032001000000000036, 0.951733635066063, -0.13457386326118492, -0.2758495300175409, 0.16238047678604328, 0.9834415404574082, 0.08046935604003247, 0.26045281461845554, -0.12137797094085959, 0.9578265602537887
0.0033419999999999986, 0.0022789999999999963, 0.03240400000000005, 0.9480030939447597, -0.15243152558353545, -0.2793828267439487, 0.17934678048625258, 0.9810515690686337, 0.0732976886210476, 0.2629160820497279, -0.11959284609142842, 0.9573780261544407
0.0034470000000000026, 0.0023339999999999962, 0.032926000000000046, 0.9460284031838655, -0.16060645414123603, -0.2814885917005608, 0.18758430167143408, 0.9796436240203518, 0.07148775897111534, 0.2642771086110683, -0.12043229136926242, 0.9568979428652373
0.0034680000000000036, 0.002330999999999996, 0.033454000000000005, 0.9383887260242376, -0.19492563515547673, -0.28536046612984495, 0.22005790033824674, 0.9737308640242885, 0.05850405922015128, 0.266460352340326, -0.11769537461492136, 0.9566329909766456
0.0033400000000000036, 0.0023569999999999993, 0.03371600000000001, 0.9426102135933465, -0.17218956561453655, -0.2860712126778633, 0.19940997892567117, 0.9775058354037894, 0.06868771401352174, 0.26780897209460597, -0.1217911952688583, 0.9557433019491236
0.0032250000000000087, 0.002311, 0.03413000000000005, 0.9414951166384399, -0.17296921252746855, -0.28925524517906004, 0.2006166702902376, 0.9772650726287895, 0.06859977712431149, 0.2708133987594204, -0.12261577931683394, 0.9547908010213007
0.0030720000000000027, 0.002177999999999997, 0.03436900000000003, 0.9409239689077268, -0.1728419877187942, -0.29118333059491464, 0.20045717579251535, 0.9773672581655184, 0.0676029832130615, 0.27290841945278965, -0.12197905536375118, 0.9542756963500365
0.002926000000000002, 0.0020760000000000006, 0.034596, 0.9452789778674866, -0.14590707481292323, -0.29181977232760586, 0.1756841932351292, 0.981316808491393, 0.07843714438700805, 0.2749231133410239, -0.12541310494442995, 0.9532517164207343
0.0029639999999999988, 0.0019110000000000015, 0.034774, 0.9434004600919818, -0.1555776706824414, -0.2929012807811923, 0.1845078708849938, 0.9800633354446355, 0.07370687958815082, 0.27559466155882534, -0.12357769581183133, 0.9532975063526155
0.0030150000000000008, 0.001875, 0.03487700000000001, 0.9434872225781374, -0.1561530680897144, -0.2923150358054841, 0.18524393491351737, 0.9798674881877192, 0.07446066189906567, 0.27480273908669284, -0.12440227055347278, 0.953418863706604
0.003203000000000003, 0.001969000000000001, 0.03491500000000002, 0.9427571728617957, -0.16218906305520797, -0.29138225897076886, 0.19124364983832298, 0.9787514001326632, 0.07397001510658614, 0.2731936664971415, -0.1254607690221347, 0.9537425313061295
0.00326100000000001, 0.0019510000000000005, 0.035072000000000006, 0.9363201637900247, -0.1944602707676856, -0.2923863094831558, 0.22140856570800596, 0.973223886263345, 0.0617536576859644, 0.27254870741088644, -0.12255802829447797, 0.9543043182283233
0.0034220000000000114, 0.0019209999999999993, 0.03518700000000001, 0.9373524917184508, -0.19231313024430158, -0.2904926267650348, 0.2197469775757116, 0.9734123590243654, 0.06465017513479518, 0.2703360355475222, -0.12443487949228016, 0.9546907293203336
0.0034369999999999978, 0.001955999999999996, 0.035338999999999995, 0.9355593571269052, -0.20060282800725757, -0.2906668104338414, 0.22781871626377895, 0.97168487046494, 0.06266693729118107, 0.26986537720170006, -0.12484797917877437, 0.9547699514976163
0.00338600000000001, 0.0018889999999999957, 0.03546900000000005, 0.9384956960313697, -0.18794834041127823, -0.2896571246616269, 0.21638217884436123, 0.9738544195335977, 0.0691832511049211, 0.269080993771693, -0.12760482315150154, 0.9546268527017834
0.003328000000000003, 0.0018279999999999959, 0.03555300000000006, 0.9364688863752693, -0.19627447257592673, -0.2906928899476296, 0.22434108109934509, 0.972255907969757, 0.0662535187675369, 0.2696240052039877, -0.12725871613742246, 0.9545198347781019
0.003078000000000003, 0.0018019999999999996, 0.035644, 0.9364261818901669, -0.1943671716401883, -0.2921085559500054, 0.2233572575788466, 0.9722861367314204, 0.06907390105348235, 0.2705874005889052, -0.12992717540408194, 0.9538875131450544
0.002957000000000008, 0.0017319999999999994, 0.035613, 0.9384342990432332, -0.18547513935177784, -0.2914447444399615, 0.21582045566466274, 0.9735188982042962, 0.07538226419915331, 0.26974543053763345, -0.1336410398101279, 0.9536128539310567
0.0028329999999999983, 0.0014140000000000014, 0.03567900000000003, 0.9419714875313873, -0.1729906485823865, -0.28768724716426125, 0.20517617273103345, 0.9749801577485787, 0.08553613353432385, 0.26569240640513353, -0.1395991672597004, 0.9538970687024085
0.003325000000000003, 0.0010030000000000002, 0.03580300000000006, 0.9395734576095616, -0.20138625579892047, -0.2768488644204727, 0.23266656414296086, 0.968846803531671, 0.08486543004294012, 0.251133406152035, -0.14415077960855938, 0.957158589290574
0.002795000000000002, 0.0009750000000000015, 0.035913000000000014, 0.944985894729351, -0.17042964684462958, -0.27920493233283467, 0.20502527410766663, 0.9736781133164878, 0.09957694826374663, 0.25488486761603585, -0.15134287933318685, 0.9550544681511606
0.0028629999999999997, 0.0007869999999999991, 0.036142000000000056, 0.9392036254422597, -0.20099279209605256, -0.27838542972208263, 0.23447291720961902, 0.9677250831338665, 0.0923613261531157, 0.25083660229585064, -0.15201993618925136, 0.9560182728116076
0.0028170000000000074, 0.0006879999999999953, 0.03635700000000003, 0.9355133097349784, -0.21625368103000359, -0.2793728561433268, 0.24908731877596402, 0.9645208051208537, 0.08749356612929564, 0.2505401263943718, -0.15143963130565796, 0.956188100290052
0.002811000000000007, 0.000644999999999996, 0.036577000000000054, 0.9336777517399515, -0.22284874683845382, -0.2803288995775501, 0.2554849304297513, 0.9630374339824069, 0.08536012577243701, 0.2509448270619153, -0.15131865972546762, 0.9561011227844853
0.0028590000000000087, 0.0006610000000000013, 0.03667100000000005, 0.9350009607864075, -0.21793698184255483, -0.27977969060289737, 0.25103490757757935, 0.9639652057246636, 0.08804860776709253, 0.2505088391774056, -0.15256000163071912, 0.9560181836118097
0.002682000000000002, 0.0006929999999999979, 0.036935, 0.9374862543218666, -0.20592104408423073, -0.2805638012303384, 0.24025898384533606, 0.9661778999622136, 0.09367970060911567, 0.251783922519217, -0.1552314054174197, 0.9552528812481906
0.002704999999999998, 0.0006939999999999955, 0.037034000000000046, 0.9403847830014875, -0.1944743775928394, -0.279027196450674, 0.22982078586277024, 0.9681016870986692, 0.09980746375962747, 0.2507167052365358, -0.15798366971490557, 0.9550823492342154
0.0025150000000000007, 0.00048799999999999956, 0.03722500000000002, 0.9409470922938258, -0.19124754001313643, -0.2793616794456939, 0.22675514157610477, 0.9687458677866583, 0.10056614447753001, 0.25139744484102367, -0.15797411840297934, 0.9549049704772754
0.002400000000000006, 0.0004129999999999967, 0.037351, 0.9371014833472412, -0.20597264073505736, -0.28180858960831445, 0.24079165726428606, 0.9659455977707865, 0.09470205879048604, 0.25270573341402247, -0.1566025970916992, 0.9547855460174374
0.0023500000000000083, 0.0002959999999999994, 0.03752200000000005, 0.9350534855449961, -0.2143154681118372, -0.2823895523884658, 0.2492007465871194, 0.9639173872929566, 0.0936069355055642, 0.2521387853357279, -0.1578991785992716, 0.9547218874243427
0.002284000000000006, 0.00017099999999999939, 0.03766700000000003, 0.9041605592041028, -0.317788402502421, -0.28548942960236423, 0.34928974691521586, 0.9347038508028441, 0.06576765157916897, 0.24594787228115736, -0.15918304724214116, 0.9561225871147893
0.0023670000000000045, 0.000117999999999995, 0.03806400000000002, 0.8848465575439464, -0.3662983457020543, -0.28787513185158276, 0.3967996122712611, 0.9163338689553211, 0.05368713353075946, 0.2441242251477815, -0.16173361599034086, 0.9561619110562208
0.0021530000000000056, -0.0007469999999999998, 0.038596000000000005, 0.891971853730866, -0.3376255617059037, -0.30065793226638104, 0.37591068411578626, 0.9233367854176782, 0.07836031050315058, 0.251152084840091, -0.1829157204215145, 0.950507479982748
0.0023130000000000026, -0.0005930000000000036, 0.038713000000000025, 0.8922643169759714, -0.3322513538056274, -0.30573424169649516, 0.37302005760026613, 0.9239645865420119, 0.08453093779287679, 0.25440209370069505, -0.18946894392109986, 0.9483570498552356
0.002760000000000005, -0.00017300000000000182, 0.03866000000000003, 0.9124616531106191, -0.27098218816672387, -0.30656546657934386, 0.3197790404535616, 0.9397150093338292, 0.12114894353365632, 0.25525496447520074, -0.20857697602826605, 0.944108334981568
0.0022930000000000064, -0.00039999999999999856, 0.03889800000000002, 0.9028267786535916, -0.29231593553455276, -0.31536518764527216, 0.33973685328790454, 0.9344808845947075, 0.10641591443541654, 0.2635956719371761, -0.20321631371435767, 0.9429848628564174
0.0028659999999999996, -0.0014440000000000026, 0.03909200000000004, 0.922893237594274, -0.22510358031797348, -0.3124043055573793, 0.2804025035048454, 0.9489280984981663, 0.14460255844510297, 0.26389867000607237, -0.22105167271179818, 0.9388789325362148
0.002978000000000009, -0.0012989999999999996, 0.039286, 0.8796125817816925, -0.3367134282946442, -0.33601454310403384, 0.38716904069895147, 0.9171573777319456, 0.09445887145268494, 0.27637264679341683, -0.2131816401051665, 0.9371081839502163
0.002954000000000008, -0.0028539999999999993, 0.03973700000000002, 0.8970682401598082, -0.28411989620678707, -0.33844417128387555, 0.34166933163133545, 0.9316718811494061, 0.12348916429437662, 0.280233189182119, -0.22641420108944482, 0.932848309869213
0.003206000000000003, -0.003103999999999999, 0.03988100000000003, 0.8607667835348276, -0.3548750299738048, -0.3648893770229526, 0.4123952793182377, 0.906419548782428, 0.09128929390181767, 0.2983465735669509, -0.22905744844067144, 0.9265646266476555
0.0035790000000000075, -0.0028810000000000003, 0.04012400000000002, 0.8666234032469987, -0.3299384763356055, -0.3743053282788382, 0.3950879383750943, 0.9119236598272705, 0.11090878954237174, 0.3047448078230496, -0.24399967311571444, 0.9206490979870219
0.0039510000000000075, -0.003260000000000005, 0.04024700000000001, 0.8810261845066605, -0.27886276795316156, -0.3821366494634306, 0.3538261530891781, 0.9246193493805472, 0.14101812699510333, 0.3140062349759145, -0.259450603006805, 0.9132827979304416
0.0036510000000000106, -0.0034710000000000036, 0.04010600000000005, 0.9018575075835604, -0.2098142410332844, -0.3776652224851996, 0.29345423532515413, 0.9390525482967862, 0.1790668124110144, 0.3170767222375329, -0.27232020820522884, 0.9084624683596805
0.003885000000000005, -0.002670000000000002, 0.040148000000000024, 0.894866378467199, -0.23025269014187957, -0.38235829188266274, 0.3143597896826441, 0.9332745165722178, 0.17371413111079037, 0.31684710401025235, -0.27564900761533806, 0.9075381740075706
0.004079000000000008, -0.003084000000000003, 0.04019500000000005, 0.8751387781694862, -0.2840514185835402, -0.39172300231757795, 0.3622008600974338, 0.9213624867910589, 0.1410734024501955, 0.3208467794581986, -0.2653412134118521, 0.9092037090643812
0.004061000000000007, -0.003487000000000002, 0.04028400000000005, 0.8752795415970913, -0.27645140290906484, -0.39681273403356865, 0.3570070912561904, 0.9228501043650181, 0.14454626133618703, 0.3262386562845978, -0.2681833453126518, 0.9064469275376993
0.00414200000000001, -0.003661999999999999, 0.040416000000000056, 0.8760709192503618, -0.27011621595471724, -0.39942079855977786, 0.35246662921886496, 0.924015116355107, 0.14820033749742037, 0.32903954128784774, -0.2706165084128511, 0.9047097245213628
0.004326999999999998, -0.0036980000000000003, 0.040437000000000015, 0.8707329235243145, -0.28208059670508395, -0.4028085312568542, 0.363436674672643, 0.9209312106100759, 0.1407106564093549, 0.3312672024117264, -0.2689167943561054, 0.9044035594354682
0.004438000000000003, -0.003605000000000004, 0.04049400000000003, 0.8777069434132199, -0.2606950735404675, -0.4020803403748471, 0.34467551428409926, 0.9263718606215098, 0.1517694491708843, 0.3329103653195772, -0.271796347437511, 0.9029382227940145
0.004545000000000001, -0.003511000000000003, 0.04059500000000003, 0.8781757460193064, -0.2570173477001411, -0.40342216360113325, 0.3414999146570877, 0.9274227721225617, 0.15252806311529932, 0.3349405430709107, -0.2717150800557225, 0.9022115870890131
0.0046350000000000054, -0.003423000000000002, 0.04071300000000002, 0.8736989970265628, -0.26539180210470104, -0.407697503022029, 0.34877675212940196, 0.9259731948983158, 0.14466658046650382, 0.3391236349310437, -0.26859045721213726, 0.9015843424359871
0.004677000000000007, -0.0034130000000000037, 0.04079500000000002, 0.8679707308775276, -0.2778706846375143, -0.4116001615148001, 0.3596657039068346, 0.923237749340317, 0.13517632790628373, 0.34244326796293084, -0.2653675579495448, 0.9012838994538642
0.004704000000000008, -0.003419000000000004, 0.040923, 0.8642729912356827, -0.2841515860411683, -0.4150783935244211, 0.3648928755161046, 0.9221385366722678, 0.1285056752891383, 0.3462446909601854, -0.2625231329506362, 0.9006643207364597
0.004644000000000006, -0.003456000000000003, 0.04105600000000004, 0.8697847786139185, -0.2676278412887023, -0.4145476781489509, 0.35025719320739157, 0.9266287768024069, 0.13667116963045028, 0.3475547978348408, -0.26407280921901916, 0.8997061820023016
0.0046929999999999975, -0.0034549999999999984, 0.04127700000000004, 0.8742816668799658, -0.2521246171709315, -0.41480687599652905, 0.33689044092039855, 0.9303797796013482, 0.14456243123787796, 0.34948018223362537, -0.26613275470215614, 0.8983523579868837
0.004808999999999997, -0.003496000000000002, 0.04168100000000004, 0.8796009981243098, -0.2342370552807418, -0.41404720266187583, 0.3213574815139161, 0.9343328415956106, 0.15411524970263238, 0.3507583971535833, -0.2686170937399151, 0.8971139302100769
0.004944000000000002, -0.003460000000000001, 0.04200100000000003, 0.8802213289782056, -0.23036000249689156, -0.41490321915053097, 0.3180960410813571, 0.9352011956889359, 0.15560730134011097, 0.35217228831952263, -0.2689479370279992, 0.8964606441490749
0.0049990000000000095, -0.0033770000000000024, 0.04263100000000003, 0.8793217796789703, -0.22768540317318592, -0.41827331371254434, 0.31602892369839436, 0.9360265969197678, 0.15485454221569805, 0.35625682753912685, -0.26835343679681606, 0.8950237459369972
0.005094000000000008, -0.003286000000000001, 0.043079000000000006, 0.8746681642045963, -0.2380099826078179, -0.422263958568557, 0.32535045646965355, 0.934025216739324, 0.14745838385811502, 0.35930861804575437, -0.266360925576717, 0.8943987781319723
0.005096000000000003, -0.003240000000000002, 0.04364700000000005, 0.871554964560755, -0.24239711927983515, -0.4261872596809277, 0.32926972931509907, 0.9334265792574603, 0.1424649658424048, 0.36328141860858026, -0.2644966118886092, 0.8933466030568337
0.005087000000000003, -0.003179000000000002, 0.04405600000000004, 0.8692800041565736, -0.24581750723708948, -0.42886597849362096, 0.33281226104264794, 0.9325310857231209, 0.14007773934404327, 0.3654972958494055, -0.26449863382596295, 0.8924417064609719
0.0051570000000000105, -0.0032000000000000028, 0.04466500000000002, 0.866516186949619, -0.2511808868980681, -0.4313442474536932, 0.3382020122630061, 0.9310099551114829, 0.13725837819444076, 0.3671091072903892, -0.2648180989668466, 0.8916850777062713
0.005248000000000004, -0.003221000000000004, 0.04504100000000005, 0.8673503836292462, -0.24773776904167297, -0.4316587886380329, 0.33586898613978333, 0.9313968019332981, 0.1403282633608025, 0.36728100436536776, -0.26669457275820113, 0.8910548067844577
0.0054210000000000065, -0.0031799999999999997, 0.045685, 0.8624254534006137, -0.2579373653323065, -0.43553490433279224, 0.3460716537372648, 0.9283775548167688, 0.13546042297288385, 0.3694005249134074, -0.2675508013029791, 0.8899212442209891
0.005545000000000001, -0.0031950000000000004, 0.04634900000000004, 0.8642710227230237, -0.24923628255264105, -0.4369403560448941, 0.33963350910374124, 0.9298701990185516, 0.14138773805064603, 0.3710588616044329, -0.27059691135809233, 0.8883088611447502
0.0057390000000000045, -0.003175000000000004, 0.04681300000000004, 0.868480414421448, -0.2354430744529896, -0.43624342798313176, 0.3287204856368593, 0.9322304436187789, 0.15129191093049904, 0.37105877174514723, -0.27479621300603596, 0.8870188437843494
0.006020000000000011, -0.0032460000000000024, 0.04757100000000002, 0.8679710186439727, -0.23274093465408321, -0.4387003169938313, 0.3275712881645795, 0.9322725285220772, 0.15350890441030068, 0.3732604478970982, -0.2769469080878076, 0.8854247840083657
0.006191000000000003, -0.0032540000000000047, 0.04811600000000004, 0.8596595577099504, -0.2514350495251519, -0.44470873693712953, 0.34464650387270673, 0.9279996431900576, 0.1415466340378545, 0.37709976426173086, -0.27494922823934315, 0.8844199735896611
0.006483000000000004, -0.0031559999999999987, 0.04878900000000004, 0.8517397482482651, -0.2654647403328752, -0.4517387219333552, 0.3584375414580943, 0.9240601451424597, 0.1327982568890621, 0.38218049417449207, -0.2750296707617117, 0.8822112842586212
0.006748000000000005, -0.0030320000000000034, 0.049188000000000044, 0.8464173672435217, -0.27262997058423194, -0.4574391102297509, 0.3662719254124725, 0.9215976679816514, 0.1284625043560263, 0.3865520884475798, -0.27627999838935635, 0.8799129760418309
0.007423000000000002, -0.0027190000000000014, 0.049724000000000046, 0.8527851040870902, -0.2362796952061843, -0.4657568806581856, 0.34097591753287493, 0.9273982472725257, 0.15384379941505993, 0.3955919487423685, -0.2900075802269999, 0.8714370966978027
0.007262, -0.0030219999999999986, 0.04995800000000003, 0.8356827653394606, -0.28098542572731944, -0.4718914136148582, 0.37681336553746614, 0.9184264995918351, 0.12043443195289744, 0.39955725905922423, -0.2784599708689316, 0.8733922608752347
0.007465000000000004, -0.0031739999999999993, 0.050356000000000053, 0.8379704599488808, -0.26564792735623655, -0.47669349370889963, 0.3655935427569845, 0.9217947908910507, 0.12897955256753313, 0.4051504285416196, -0.28235711816325754, 0.8695559717896727
0.007552999999999997, -0.0033539999999999993, 0.05063600000000002, 0.8377325324716194, -0.26106596527281567, -0.47963399151317465, 0.3621290682218625, 0.9230034513797211, 0.13010444531179027, 0.40873798696408525, -0.2826821368910601, 0.8677695935530648
0.007584000000000003, -0.0033890000000000027, 0.05076000000000005, 0.8355367510971207, -0.26424041954037786, -0.48172122461771755, 0.3649622062255456, 0.9223052621006559, 0.127104647941855, 0.4107078348328051, -0.28201064551283467, 0.8670577087047804
0.0076910000000000025, -0.003341000000000001, 0.050825000000000044, 0.8367693007622004, -0.25827133704724514, -0.4828178266818308, 0.36076094996353225, 0.9233699131285189, 0.13129943073159617, 0.4119085751515109, -0.2840491506568181, 0.8658218094549203
0.007613, -0.003417999999999999, 0.050864000000000034, 0.8346991964844346, -0.2613763184402185, -0.4847263883335392, 0.363351821377576, 0.9228041488804009, 0.12809354671769144, 0.4138269025689819, -0.28304579659086404, 0.8652354429531917
0.007527000000000001, -0.003426000000000002, 0.05089300000000003, 0.8354953640970695, -0.25614170383237256, -0.48614701904892377, 0.35956404190719915, 0.923852391615738, 0.13118863621990778, 0.4155252054203974, -0.284408484514317, 0.8639737366359039
0.0075889999999999985, -0.0034579999999999984, 0.05090100000000001, 0.8329247442544288, -0.26210467746411487, -0.487378198589275, 0.36467298918176755, 0.9224115253915491, 0.12716362996576477, 0.4162330853859757, -0.28365139850927545, 0.8638818800934555
0.007518, -0.0035150000000000008, 0.05084900000000005, 0.8355299159412221, -0.2543316449153934, -0.487037138175196, 0.3588172906677024, 0.9238665386775887, 0.1331193848760634, 0.4161008429277022, -0.2859825748302196, 0.8631767231617948
0.007509, -0.0035450000000000017, 0.05083500000000003, 0.8377303779463092, -0.24848606806790574, -0.4862740871587607, 0.35442893750738025, 0.9248440876080729, 0.1379983401124107, 0.4154370495313621, -0.2879550096673839, 0.8628406401440148
0.007416000000000011, -0.0036000000000000016, 0.050737000000000025, 0.8409763280398412, -0.23965880336123413, -0.4851004778889489, 0.3477548313315353, 0.926264453073559, 0.1452609385138209, 0.41451826613817727, -0.2908570455460928, 0.8623089852796371
0.007174000000000007, -0.0037490000000000023, 0.05063600000000002, 0.8418971944833161, -0.23598948624681843, -0.48530204646393593, 0.34530371308956204, 0.9266824044756862, 0.1484084463961617, 0.4146980342944526, -0.2925212532725163, 0.8616593623562583
0.007079999999999999, -0.003885000000000005, 0.050517000000000055, 0.8434919937273578, -0.23236637571745938, -0.4842800057340583, 0.34262948599344417, 0.9271040000629162, 0.15193159116921276, 0.41367413726956065, -0.29408169018705166, 0.8616203732799101
0.00690700000000001, -0.004072000000000003, 0.050194000000000016, 0.8423645835363761, -0.2357946211770633, -0.48458518861759814, 0.3459229767537537, 0.9260809654635909, 0.15070281868580152, 0.41323020528200727, -0.2945758680374019, 0.8616645840537962
0.006844999999999999, -0.004158000000000001, 0.04990100000000001, 0.8522202093288227, -0.21081581543961822, -0.47882920417625613, 0.3254704802741074, 0.9301933813537726, 0.1697328481932035, 0.40962138772490847, -0.30049453446970387, 0.8613439228741074
0.006735, -0.004228999999999999, 0.04940100000000001, 0.848336055602704, -0.22346652399792352, -0.4799881763301381, 0.3358826766219501, 0.9279327865701373, 0.16162787863934486, 0.4092783457620508, -0.29833447045298966, 0.8622573742391617
0.0067469999999999995, -0.004178000000000005, 0.049020000000000036, 0.8485117232909518, -0.225076743228521, -0.47892412248232175, 0.33698530552244577, 0.9276269124388327, 0.16108760095408475, 0.4080058324335124, -0.29807510962313, 0.8629498651273988
0.006695999999999998, -0.004030999999999999, 0.04854300000000001, 0.8510997233422436, -0.2197579547021748, -0.47679733878438674, 0.3323841551378636, 0.9285364313519754, 0.1653507455847325, 0.40638655777479277, -0.2992098544454297, 0.8633211619453677
0.0066600000000000105, -0.004027999999999999, 0.04836900000000003, 0.8404937089748482, -0.24851607989511437, -0.4814665961489629, 0.3558753194396913, 0.9232641038788416, 0.14469330151218998, 0.408562213362177, -0.2929558883558495, 0.8644384103510407
0.006771000000000001, -0.003935000000000002, 0.048099000000000044, 0.8485904424221598, -0.2297340538374128, -0.4765674407019347, 0.34035715776157366, 0.926699730507237, 0.1593254990209591, 0.4050324260972529, -0.2974052353023448, 0.8645801639087786
0.006704999999999998, -0.0038870000000000003, 0.047962000000000046, 0.844156937566938, -0.24028892195388504, -0.4792288584213691, 0.3496728880898665, 0.9243848118201197, 0.15245193016545844, 0.406359368161361, -0.29626669347485196, 0.864348373195078
0.006744, -0.003868000000000002, 0.047936000000000034, 0.845547969253463, -0.23581738636815097, -0.4789976951696524, 0.34658521477905746, 0.9248746558169099, 0.15647862449583078, 0.4061124482060352, -0.29832370223307236, 0.8637567065430252
0.007157000000000011, -0.003910000000000004, 0.047387, 0.8378159257287963, -0.20478959354201215, -0.5060886256102757, 0.33558733483739117, 0.9243559828066489, 0.18151351945872002, 0.4306339690409211, -0.32191185039767006, 0.8431649573373001
0.007436000000000007, -0.004713000000000001, 0.047350000000000024, 0.824108797488835, -0.20978967685439165, -0.5261492006901051, 0.3456235323493808, 0.9221641428827142, 0.17365963108254584, 0.44876392879535565, -0.3249639750291089, 0.8324718320432457
0.008201999999999997, -0.004929000000000002, 0.046886000000000025, 0.8231985427028996, -0.1975384160633748, -0.532280690492334, 0.34083765655990556, 0.9217294126300378, 0.18505291611708727, 0.45406370826413184, -0.3337565940500036, 0.8260948400550429
0.008167000000000002, -0.005007000000000005, 0.046837000000000045, 0.7913173468173323, -0.265396425311145, -0.5508008660650816, 0.3962120352084572, 0.9087117481921068, 0.13137344424813485, 0.46565317542345874, -0.3221920174829156, 0.8242326274106956
0.007870000000000004, -0.0046870000000000045, 0.04693800000000004, 0.80601982167166, -0.2225670056476759, -0.548448698666897, 0.3646008043158861, 0.9166350218336711, 0.1638489860822893, 0.4662599066664368, -0.33203036720308077, 0.8199741061096948
0.008148000000000011, -0.004838000000000001, 0.04689200000000005, 0.8117259387447647, -0.21166453076086084, -0.544333653917076, 0.356476819404917, 0.917827596383998, 0.1746905279141578, 0.46262866058631164, -0.33584316240435436, 0.8204779659871176
0.008219000000000008, -0.005027000000000001, 0.046680000000000006, 0.8098811104489908, -0.20784991221307358, -0.5485353233210486, 0.35491658627393596, 0.9181616735668421, 0.17610609864678634, 0.4670404733270614, -0.3373092871326751, 0.8173711770600192
0.008177999999999998, -0.005146999999999999, 0.046475999999999996, 0.809881806171026, -0.20202155552565124, -0.5507075005265074, 0.35072822542812765, 0.9192978693466318, 0.17855290337258506, 0.4701926965842764, -0.3377554122700915, 0.8153772805033676
0.008186999999999998, -0.005170999999999999, 0.046332000000000054, 0.8089166162903431, -0.2034658104459383, -0.5515936655446286, 0.3518756791643978, 0.9191640192041703, 0.17697743419156484, 0.47099619351113226, -0.3372523829122833, 0.8151217184678684
0.008157000000000011, -0.005103000000000002, 0.046210000000000036, 0.8102096644133477, -0.19975958519643267, -0.5510502770286569, 0.3498896485514331, 0.9190860587216426, 0.18126789704763493, 0.47025262734807244, -0.3396717897996042, 0.8145462182630083
0.008102000000000003, -0.005060000000000002, 0.04614100000000002, 0.8016834170297745, -0.22011698896191637, -0.5557447345947637, 0.3664501391586531, 0.9155084139101975, 0.16600795032238191, 0.4722478103390937, -0.33673855619749604, 0.8146098148193142
0.008012, -0.005088999999999999, 0.04599200000000002, 0.7941265088878358, -0.23799998120888977, -0.5592129261973352, 0.38138012779010233, 0.9115628832858523, 0.1536304264863857, 0.4731937087582879, -0.33527469149959954, 0.8146647133830119
0.00788000000000001, -0.005166000000000004, 0.045925000000000014, 0.7965048158734012, -0.2316060208388187, -0.5585147530743375, 0.3779867953341716, 0.9117074434852448, 0.16098298061162322, 0.47191743011196624, -0.3393349209922373, 0.8137233870005887
0.006987000000000009, -0.006698000000000001, 0.04581300000000005, 0.8289360871240875, -0.1678465056912759, -0.5335658478488255, 0.34049631488553167, 0.9082269130816044, 0.24328200489068863, 0.44376482849903776, -0.3833424381430899, 0.8100131802049466
0.007407000000000011, -0.0063790000000000045, 0.04557400000000001, 0.7891675301237486, -0.26213798021535817, -0.5554262225777556, 0.4244497785115928, 0.8864080849869493, 0.18472436869895897, 0.44391102139938127, -0.3815290109524852, 0.8107888867527578
0.006626000000000005, -0.007332999999999998, 0.04565600000000001, 0.7970600494042884, -0.2463744490909538, -0.5513573328421076, 0.41963402555949664, 0.8825213729868053, 0.21228120692660502, 0.4342839649772547, -0.4005691663828026, 0.8068096310202435
0.006548000000000002, -0.007264000000000003, 0.04540000000000004, 0.7210673669123054, -0.38309625759692606, -0.5773206299703695, 0.5310108228201913, 0.8407977048956182, 0.10529352064625863, 0.44507230695919286, -0.3824872244369613, 0.8097000461408728
0.0061340000000000006, -0.008260000000000005, 0.04577000000000004, 0.7833108123441738, -0.27796712156779013, -0.5560201890147771, 0.4469675214568286, 0.8734806657491118, 0.1930066354435211, 0.432023385972855, -0.3997071501609725, 0.8084491252285104
0.005816000000000003, -0.007822000000000003, 0.046084, 0.769331596569275, -0.2982040095523834, -0.5649807635725772, 0.4646013203736989, 0.8681739497093857, 0.17441217317899815, 0.43849117166390705, -0.39667160439447546, 0.8064596274085435
0.0061630000000000105, -0.007956000000000003, 0.045721000000000005, 0.768513837332363, -0.30241026386178427, -0.5638568206022981, 0.46763965463631074, 0.8669413576979413, 0.17241182014143397, 0.4366916935783393, -0.39618267834913756, 0.8076754608973741
0.006121000000000009, -0.008020000000000003, 0.04573500000000001, 0.770800354632234, -0.2974873733959046, -0.5633543076686536, 0.4647526548776063, 0.8673952148723089, 0.17784968653567415, 0.4357427946427099, -0.3989070115786719, 0.8068465858081909
0.006170000000000002, -0.008082, 0.04565100000000001, 0.7680344268752908, -0.3025977553745915, -0.5644091756665571, 0.4688890275563062, 0.8659958631003386, 0.17376491282880246, 0.43619513863825354, -0.3981027047576525, 0.8069994036509546
0.006143000000000001, -0.008111000000000004, 0.045529000000000056, 0.7637636957093349, -0.30913752357067226, -0.5666559879124285, 0.47375590624091857, 0.8647143639815683, 0.16680650474666062, 0.4384294223911807, -0.3958573736139619, 0.8068931659998068
0.0061880000000000025, -0.008166000000000003, 0.04546700000000004, 0.7876150872633221, -0.2638465852189169, -0.5568190494078902, 0.43758998332926247, 0.8757259971553356, 0.20400731456540705, 0.43379428397004666, -0.4043376774116035, 0.805191630495688
0.006227000000000004, -0.008318000000000004, 0.04540600000000001, 0.7927956859230998, -0.2526644489905171, -0.5546491472976771, 0.42725788898212436, 0.8793756400415564, 0.2101170626199641, 0.4346558370530191, -0.40355812458408225, 0.8051180928273305
0.006340000000000004, -0.008297000000000004, 0.045338000000000024, 0.8047187122343422, -0.2272321903884173, -0.5484462834509725, 0.4060285437531566, 0.8846442525234857, 0.2292277647556128, 0.43309192538951047, -0.40714871745892267, 0.8041525390334606
0.006369, -0.008277999999999999, 0.045375, 0.8033265514978012, -0.22894029276024125, -0.5497752213491488, 0.4072235483187025, 0.8847748428379402, 0.22658874459209916, 0.4345519915422962, -0.4059061712168875, 0.8039930017199596
0.0062960000000000065, -0.008288000000000004, 0.045412000000000036, 0.7926201396883871, -0.24943889952452614, -0.556357393735677, 0.4234774023463602, 0.8817031279050183, 0.20800597093469703, 0.43865727380534886, -0.4004745056136538, 0.8044873936185444
0.006365999999999999, -0.008259, 0.045424000000000034, 0.7768915939080571, -0.2810241776394402, -0.5634402034795487, 0.4481614430295482, 0.8753671136429102, 0.18133873644137294, 0.44225645534765445, -0.3933927146434681, 0.8060095531498193
0.006331000000000003, -0.008223, 0.045327000000000055, 0.7577983559519048, -0.31729606788993825, -0.5701445930798379, 0.47574650073349456, 0.8666984512938786, 0.1499968718494742, 0.4465500182022449, -0.3849116779553151, 0.8077351554916986
0.006285000000000011, -0.008216000000000001, 0.04518700000000001, 0.7563476497930407, -0.32050740052515264, -0.5702747047354925, 0.4778873593677098, 0.866017965317162, 0.1470936963451528, 0.4467235212176555, -0.3837810442902724, 0.8081770880409608
0.006335000000000008, -0.008170000000000002, 0.045050000000000014, 0.7648112225084932, -0.3047992315877436, -0.5675924791155935, 0.4655412885310597, 0.870469744871844, 0.1598553469095975, 0.44534829358369055, -0.3864968973824605, 0.807641656748726
0.006322000000000003, -0.008234000000000002, 0.044953000000000035, 0.769631650173557, -0.2950109620324292, -0.566246991454991, 0.4575112858502473, 0.873420403689106, 0.16679394994787033, 0.44536563222904985, -0.38743429210675195, 0.807182831165876
0.006411000000000002, -0.008235, 0.044909000000000046, 0.7866095240110181, -0.26001808672366145, -0.5600321877461385, 0.43004681528085265, 0.8815538854021906, 0.1947369605367656, 0.44306341916474645, -0.39402200663017295, 0.8052586322972118
0.006519000000000006, -0.008222000000000002, 0.044947, 0.7957621585804826, -0.23891553252218284, -0.5564907504091804, 0.41335155041181865, 0.8858439266008231, 0.21076297937868826, 0.44260940200528576, -0.39774351789070983, 0.8036771809827912
0.006444000000000003, -0.008233000000000004, 0.04507400000000001, 0.8079569943076381, -0.21092554210538478, -0.5501962477488525, 0.3909610635179703, 0.8904956963729954, 0.23273775274774722, 0.44085705411421594, -0.4031474053354721, 0.8019459005500382
0.006454999999999998, -0.008249000000000003, 0.045262000000000004, 0.8060227999396696, -0.2129083724642853, -0.552265580053677, 0.3926660691877204, 0.890513406611534, 0.22978083199819996, 0.44287764008366864, -0.40206454404700964, 0.8013760030935482
0.006561000000000007, -0.008158000000000002, 0.045411, 0.7927545404116465, -0.23976517410383724, -0.5604042290558449, 0.4146100489644422, 0.8860437868705635, 0.2074244803435078, 0.44680951864796037, -0.39678592343356645, 0.8018242856203284
0.006611000000000004, -0.008056000000000004, 0.045720000000000025, 0.7887100531181621, -0.24590692436325984, -0.5634414225636487, 0.4196633372981498, 0.8851102400102427, 0.20115304212661128, 0.44924284684135535, -0.3951071343056373, 0.801293464956917
0.006679000000000002, -0.008018, 0.046001000000000035, 0.7801759049780236, -0.26254751287743516, -0.5677978168094653, 0.4325724312114706, 0.8821010229369687, 0.18649095712487296, 0.45189229806173903, -0.3911094332989511, 0.8017647798058068
0.00676400000000001, -0.007956000000000003, 0.04635200000000003, 0.7805409074300401, -0.26089014024712576, -0.5680600554079864, 0.4311805015500262, 0.8826556717614872, 0.18708912365593472, 0.4525917220976952, -0.3909671339500455, 0.8014396005061952
0.006829999999999998, -0.007939, 0.04653700000000004, 0.7852495531180358, -0.25074701963581203, -0.5661352059991351, 0.42334853614250545, 0.8846484107824358, 0.19537964644790634, 0.4518397462308106, -0.3930942907800478, 0.8008231529384052
0.006807000000000002, -0.008009, 0.04685700000000003, 0.7926440366707527, -0.23392886736496915, -0.5630210619005628, 0.41025248618931026, 0.8877679381576311, 0.2087126866168858, 0.45100812487779474, -0.3964156568460575, 0.7996538615560638
0.0067740000000000005, -0.008084000000000003, 0.047171000000000046, 0.8022645071373403, -0.21169224186703017, -0.558173857611579, 0.39279893782100384, 0.8912838785638777, 0.2265436873073759, 0.4495338196780879, -0.4009980580320081, 0.7981979093058229
0.006853000000000008, -0.008106000000000002, 0.047388000000000034, 0.8024450931948364, -0.21081953057985775, -0.5582445682078946, 0.3923706868806282, 0.8912457063225689, 0.22743424332850393, 0.44958549407688225, -0.40154229725854973, 0.797895147890982
0.006959000000000003, -0.008058, 0.04775600000000003, 0.7903417746668129, -0.23477187128085814, -0.5658993264457883, 0.4120755945351435, 0.8872236702794271, 0.20743158699776323, 0.45338017557566496, -0.3971351499819511, 0.7979536885332335
0.007004000000000005, -0.008006000000000001, 0.04799700000000001, 0.7924668165898128, -0.22894867309649547, -0.565313054591314, 0.4080451646344181, 0.8879089101590701, 0.21240741719300427, 0.4533161018786764, -0.3989990881537029, 0.7970597464619795
0.0071360000000000095, -0.007974000000000004, 0.04848900000000003, 0.7876545099212099, -0.23678116376209493, -0.5688014183247495, 0.41488278674247714, 0.8863549374107297, 0.20554123234139138, 0.4554916533434778, -0.3978813961661057, 0.7963778929122377
0.007201999999999998, -0.007999000000000003, 0.048781000000000005, 0.7745284957308196, -0.2618560985314376, -0.5757924912352089, 0.4345335253084927, 0.8817622307040455, 0.18351017379643964, 0.4596588133430356, -0.3923349999244523, 0.7967352277578497
0.007274000000000001, -0.008058, 0.049263000000000036, 0.776217650498643, -0.2561428203409565, -0.5760876796479394, 0.4304456982198124, 0.8829483864549097, 0.18739970048196372, 0.4606545993892003, -0.39343741871414817, 0.7956156971912529
0.007320999999999998, -0.008041000000000005, 0.04949400000000003, 0.7809409812081408, -0.24492014292931436, -0.5745827246421098, 0.4222054638260943, 0.8849162508498396, 0.1966361495179771, 0.46029743664836853, -0.39615319330954274, 0.7944739877715274
0.007376000000000005, -0.008115000000000002, 0.04975400000000002, 0.7781949794427232, -0.24926200855468067, -0.5764382231093163, 0.42561734414916536, 0.8842518864845559, 0.1922198678802872, 0.4618034758742625, -0.39492664171943426, 0.7942106127033679
0.007460999999999999, -0.008169000000000004, 0.05004900000000004, 0.7724304363159589, -0.26069466759275234, -0.5791282339356648, 0.4344737711624473, 0.882010428221663, 0.1824558759813461, 0.4632318676695496, -0.39255049967735783, 0.7945566952574485
0.00749600000000001, -0.008136000000000003, 0.05014500000000004, 0.7751633713036237, -0.25467047568143836, -0.578156290811914, 0.430179803165529, 0.8829890037649487, 0.18781841277854028, 0.4626738427204063, -0.39430111342269036, 0.7940148280831785
0.007542000000000002, -0.008135000000000005, 0.05026100000000002, 0.7670341097223378, -0.27041511587814865, -0.5818370387205236, 0.44231031433949014, 0.8797799614934305, 0.17420908467562574, 0.4647797977014083, -0.39097683366054486, 0.7944286344218796
0.007532000000000011, -0.008190000000000005, 0.05041700000000003, 0.7652166482716274, -0.27338548204751306, -0.5828411957073604, 0.4443848967244817, 0.8793715275940129, 0.17096134071813973, 0.46579560407018483, -0.38982828868954733, 0.7943981121366482
0.007597000000000008, -0.008213000000000002, 0.05059900000000005, 0.7583899332170111, -0.28530395972183636, -0.5860429675050614, 0.45334460389952486, 0.8769002008977463, 0.15976453855807682, 0.4683197404661483, -0.3868432346991906, 0.7943732954078873
0.007648000000000011, -0.008213000000000002, 0.05076800000000003, 0.7567453132630305, -0.28751868410696396, -0.5870856301629584, 0.45524406059217865, 0.8762994809747252, 0.15764537715699867, 0.46913684160379365, -0.38656464651184475, 0.7940266984914235
0.007654000000000011, -0.008286000000000002, 0.051121000000000034, 0.7615010914157376, -0.2762737245772533, -0.586335157466148, 0.4470887023961231, 0.8788467241393014, 0.16655367801213464, 0.46928432742037257, -0.38897463230631246, 0.7927616006466117
0.007713000000000008, -0.008295000000000002, 0.051287000000000034, 0.7610836687167122, -0.2764446561628441, -0.5867963882742607, 0.44765927441221454, 0.8785204135361475, 0.1667424871860985, 0.46941753615032283, -0.38958982928110886, 0.7923805535696071
0.0077469999999999995, -0.008315000000000005, 0.05143100000000004, 0.763121727688552, -0.27222119821123364, -0.5861235773913891, 0.44512020388942225, 0.8789286629195739, 0.17132544932919103, 0.4685223930817806, -0.3916376191619624, 0.7919007150129814
0.007763000000000005, -0.008382000000000006, 0.051512, 0.7625399904476021, -0.274338567115075, -0.5858934319152403, 0.44718386825664724, 0.8779608063688462, 0.17091345895273152, 0.4675033165007415, -0.39233043862720224, 0.7921600065563741
0.007743000000000009, -0.008380000000000002, 0.05154200000000003, 0.7633303174198119, -0.2730133040393689, -0.5854831870560214, 0.4467283313613178, 0.8777595623826274, 0.17312408441632565, 0.4666482877573877, -0.3937027895041709, 0.7919832631247536
0.007701000000000007, -0.008375, 0.05155100000000004, 0.7642817015788758, -0.27153571144519584, -0.5849289170845031, 0.44650232060282913, 0.8772695403361959, 0.17616421683931138, 0.4653054462694228, -0.3958112062691894, 0.7917223823182861
0.007653000000000006, -0.008447000000000003, 0.05155300000000006, 0.762321542416686, -0.275709355405784, -0.5855341299268316, 0.4499589053778348, 0.8760735754379391, 0.1732976453693655, 0.4651911966478143, -0.39557482447839465, 0.7919076390591657
0.00761, -0.008448, 0.051532000000000036, 0.7660532814492009, -0.2685177001922189, -0.5840039508979311, 0.4452755806931562, 0.8769340964365662, 0.18087633273968112, 0.4635644801096002, -0.39860360659490396, 0.7913426170694027
0.0075290000000000105, -0.008505000000000002, 0.05154400000000004, 0.7722946795814258, -0.25650926096489224, -0.5811746096737775, 0.43652022569908533, 0.8789383496677194, 0.1921391944372763, 0.4615311695279556, -0.40208254938834476, 0.7907708916187589
0.007410000000000011, -0.008588, 0.051565000000000055, 0.7721330967182864, -0.25744985437447576, -0.580973367233637, 0.4383137527758789, 0.8777285509100434, 0.19358110714860838, 0.46009948389424976, -0.4041189965838237, 0.790567075914706
0.007396000000000001, -0.008582999999999999, 0.051543000000000005, 0.7709753470566081, -0.2604682270072184, -0.5811654815546595, 0.4416101592055214, 0.8761681167615746, 0.19315770359203963, 0.45888722091317524, -0.40556840839763675, 0.7905294330968271
0.007369, -0.008588, 0.05152000000000004, 0.7715556667472134, -0.26027269105532935, -0.580482540134568, 0.4427840580680973, 0.8748860341940278, 0.1962567326055204, 0.45677579952424263, -0.408451408937543, 0.7902678757901812
0.007417000000000002, -0.008576, 0.05146200000000005, 0.7711258226717628, -0.2623206999253978, -0.5801317229728492, 0.4453131158947881, 0.8734399446145666, 0.19697434341501902, 0.45503977235058507, -0.4102322677975883, 0.7903469440927672
0.007447000000000003, -0.008630000000000002, 0.051449000000000016, 0.7634259248929627, -0.2776179457853196, -0.5831887630769853, 0.45709869607211717, 0.8701436726107274, 0.18414877426875714, 0.4563350076977385, -0.40715877148043217, 0.7911890390772931
0.007430000000000007, -0.008641000000000005, 0.051450000000000044, 0.7549617799624416, -0.29321871410313216, -0.586562440406516, 0.469367607128064, 0.8662716627348124, 0.17107733842195155, 0.45795934336447086, -0.4044702610110776, 0.7916293626330528
0.007448999999999998, -0.008637, 0.05144500000000005, 0.7537860253534272, -0.2952094662492827, -0.5870758034689354, 0.4714099313208546, 0.8653473124064242, 0.17013731384692055, 0.45779832310084917, -0.4050004937624052, 0.7914513853789495
0.007424000000000007, -0.008727000000000004, 0.051487000000000026, 0.7506750220664614, -0.3009886155170018, -0.5881265718998558, 0.47613733509427464, 0.8636066360605335, 0.16576132323775644, 0.45801773914864935, -0.4044619036217973, 0.7915998478674638
0.0074000000000000055, -0.008715000000000004, 0.05153900000000004, 0.7568244200817771, -0.2890279383124594, -0.5862419705571507, 0.46795594362262943, 0.8657902150200826, 0.17726967705655047, 0.45632667245750214, -0.40849743505966885, 0.7905035190013611
0.007413000000000011, -0.008818000000000005, 0.051627000000000006, 0.7562487952995249, -0.29043493127137293, -0.586289442430452, 0.4697215588592761, 0.8647879623980141, 0.17749207653949656, 0.45546615324393647, -0.409620959899373, 0.790418403417005
0.007433999999999998, -0.008865999999999999, 0.05169400000000002, 0.7566070542768853, -0.2899387874885358, -0.5860727471296819, 0.47070584492880313, 0.8636478723897413, 0.18041164060707082, 0.45385214879772906, -0.41236858758439765, 0.7899179546037254
0.007421000000000007, -0.00886, 0.05181, 0.75397769575251, -0.29394255847166995, -0.5874652386540538, 0.4748443960299691, 0.8618378975448032, 0.17820841145828964, 0.4539167697570441, -0.41331974387232223, 0.7893835287480025
0.0074519999999999986, -0.008907000000000003, 0.05191600000000005, 0.7467269102893386, -0.3065058189542431, -0.5902991651670589, 0.48558717239437377, 0.8577150624679862, 0.16890816919727408, 0.45453714859819183, -0.41276997778754093, 0.7893142124537592
0.007513000000000005, -0.008936, 0.05200400000000002, 0.7380174195022294, -0.3215017702904269, -0.593267983470701, 0.49770583738039065, 0.8530437131260145, 0.15686083938850415, 0.4556524859459833, -0.41103897041071846, 0.7895744276855362
0.007522000000000005, -0.009004000000000005, 0.05210300000000001, 0.7355276163530649, -0.32511842881611286, -0.5943880322029714, 0.501143338941174, 0.8514787667190186, 0.15439968802284074, 0.45591060463304645, -0.4114388375819681, 0.7892170826283024
0.007503, -0.009064000000000001, 0.052144, 0.7376373438517436, -0.3210680318462008, -0.5939751407944206, 0.4987083952193654, 0.8521124898465398, 0.15872693906598184, 0.4551714902023961, -0.41330330699613044, 0.7886693165915564
0.0074519999999999986, -0.009203000000000003, 0.05221500000000003, 0.7370142771575275, -0.3220356503365546, -0.5942247009156382, 0.5003806265272708, 0.8510008711773922, 0.1594263022574868, 0.45434478522609145, -0.4148379890603463, 0.7883401924107543
0.007454999999999998, -0.009225, 0.05225200000000001, 0.737780844426867, -0.32057857624537567, -0.5940612780254801, 0.5002579029603192, 0.8505286230634338, 0.16230555096965443, 0.45323443836774224, -0.41692977562451344, 0.7878756920194772
0.007405000000000001, -0.009304000000000002, 0.05227200000000005, 0.7393740468472237, -0.31785804915060245, -0.5935421463038094, 0.49942496705518913, 0.8501364919497232, 0.16686116186021724, 0.45155367469513835, -0.41980257936986465, 0.7873151041506354
0.007344999999999999, -0.009347000000000001, 0.05226500000000004, 0.7366826694820481, -0.32212740196819645, -0.594586058856095, 0.5035171625954049, 0.8482166772386567, 0.16431352782435515, 0.4514079213490567, -0.4204312135836641, 0.787063201520622
0.007349000000000004, -0.009370000000000005, 0.05230100000000004, 0.738892901192008, -0.31842350204618536, -0.5938381546454392, 0.5012022725025193, 0.848763947789068, 0.1685112547334056, 0.45037047261823027, -0.4221448025004681, 0.7867402386528051
0.00725800000000001, -0.009381, 0.05230100000000004, 0.7338586812503849, -0.32609724054406763, -0.5959127668232914, 0.5075754021315065, 0.8462427831777464, 0.16198877452040092, 0.45146278595747563, -0.42134753070253816, 0.7865415508836061
0.0072400000000000094, -0.009359000000000001, 0.05233200000000005, 0.733198519753351, -0.3268180969629818, -0.5963303297074452, 0.508747068030265, 0.8455114922716281, 0.16213185130385, 0.4512165238575645, -0.42225614019703717, 0.7861955231771525
0.007210999999999999, -0.009363, 0.05243900000000002, 0.7359272250955489, -0.32159733523838985, -0.5958072451143342, 0.5058873527040666, 0.846043042833521, 0.16819380501988915, 0.44998789510078707, -0.42518975015934224, 0.7853181333842989
0.007209000000000004, -0.009386000000000002, 0.05255100000000004, 0.7279919508415158, -0.3343571357906314, -0.5985257097701395, 0.5162444684545511, 0.8418063819482439, 0.15765044909953557, 0.45113120962757836, -0.4237538448876806, 0.7854382920655609
0.007210999999999999, -0.009487000000000002, 0.05273000000000002, 0.7275146746120436, -0.3350565668643624, -0.5987148697211382, 0.5180932191308807, 0.840366810135338, 0.15925778070021535, 0.4497797400002957, -0.4260524867009037, 0.7849697217480701
0.007176000000000002, -0.009600999999999998, 0.05282400000000001, 0.7290325471092822, -0.33262735573537966, -0.5982228576975653, 0.517153310904042, 0.8402178967903462, 0.1630531782400903, 0.44840160378430804, -0.4282440053634103, 0.7845655317396782
0.007158000000000001, -0.009752000000000002, 0.052983, 0.7278337794807075, -0.33499089144129673, -0.5983636787925837, 0.5203992850167669, 0.8380628451441543, 0.16381468720149311, 0.4465899389830301, -0.43061789354397556, 0.784299468416805
0.007152000000000001, -0.009846000000000004, 0.05307600000000002, 0.7208088043447723, -0.34641722327325447, -0.6003580390056488, 0.5303354244092399, 0.83333225991994, 0.15588996822565981, 0.44629475147679176, -0.4307579970196421, 0.7843905550221107
0.007151000000000011, -0.009898000000000004, 0.053087000000000044, 0.720005537576178, -0.34783700309673504, -0.6005009951168448, 0.5322208592092331, 0.8320787434862792, 0.15615992335064893, 0.44534591373697896, -0.4320351651370254, 0.7842274116624581
0.007069000000000002, -0.009975000000000001, 0.053083000000000026, 0.7145771113216355, -0.35529896129366256, -0.602612811080939, 0.5389440910987491, 0.828802360246467, 0.15041912883549374, 0.4460031599046921, -0.43226068032326287, 0.7837294722042164
0.007075000000000003, -0.010036000000000002, 0.05310400000000004, 0.7162589947762448, -0.35194024552076214, -0.6025870194294837, 0.5373053435073601, 0.8291326440247253, 0.15440863463875945, 0.4452819558892557, -0.43436979889876537, 0.7829730886589175
0.007102000000000004, -0.010106000000000002, 0.05307000000000005, 0.7122975987322241, -0.3567444876919874, -0.6044547140536576, 0.542173807393002, 0.8265751088207202, 0.15106671392133492, 0.44573500358092066, -0.43532397128965455, 0.7821849823432566
0.007152000000000001, -0.010143000000000001, 0.053045000000000016, 0.7002853899320466, -0.3740416676066338, -0.6080240155962346, 0.5556990644738381, 0.8202833650084067, 0.13540218178960944, 0.44810592764504115, -0.43269854631664045, 0.782287060882924
0.0072210000000000035, -0.010173999999999999, 0.05305600000000004, 0.7038705879964205, -0.3667639311314174, -0.6083176918145667, 0.5518329090139926, 0.8215725204515262, 0.14317483776167253, 0.44726573296277433, -0.4364662787203104, 0.7806731400895747
0.007233000000000004, -0.010202000000000004, 0.053080000000000044, 0.7009000955405631, -0.36932862863714905, -0.6101929368160799, 0.5547226005377346, 0.8200268861320678, 0.14085007090235255, 0.44835465038726047, -0.4372096408927273, 0.7796318601664313
0.007284000000000006, -0.010280999999999998, 0.05317600000000004, 0.6963252385004175, -0.37238409099289427, -0.613564382117095, 0.5586787367031176, 0.8178821048769107, 0.13764785388055503, 0.45056545737899756, -0.4386330485696557, 0.7775550252678873
0.007397000000000006, -0.010393999999999999, 0.05335700000000003, 0.6898727168838927, -0.37713389499314853, -0.6179366146673404, 0.5642310162246149, 0.8149040741101475, 0.13256964331558524, 0.45356255889278896, -0.44011518406660316, 0.774970728430852
0.007448999999999998, -0.010495000000000004, 0.053545000000000016, 0.6904511966758009, -0.3722943980224743, -0.6202209495091551, 0.5623017653374135, 0.8156055840546196, 0.13639741917408524, 0.45507567470409005, -0.44292709610048275, 0.7724776487592446
0.00763600000000001, -0.010682000000000002, 0.054090000000000034, 0.7131821129129194, -0.32816884054554746, -0.6194162460866317, 0.5348894719433336, 0.8258953898126238, 0.17829766653110113, 0.45306128352050273, -0.4584779353264943, 0.7645478769792703
0.007578000000000003, -0.011388000000000006, 0.05455400000000003, 0.7014789168723592, -0.34685455845129154, -0.6225907519913392, 0.5463564630602664, 0.8226543061909781, 0.15727208200350137, 0.4576264245603147, -0.4504795309300966, 0.7665808814190076
0.007665000000000006, -0.011204999999999998, 0.05460600000000005, 0.677544173318557, -0.37789046540481275, -0.6309775664460723, 0.5711514742542891, 0.8108528629864011, 0.12768566107401738, 0.46337877234420827, -0.44689644297408637, 0.7652213291577045
0.0076970000000000025, -0.01132, 0.05484300000000002, 0.6805657455874637, -0.37008483699707484, -0.632350756588326, 0.5669821260900254, 0.8126582168318833, 0.13460271657755749, 0.46407061383739245, -0.4501375745707886, 0.7628988329602514
0.007762000000000001, -0.011527, 0.05520000000000005, 0.6782408421096371, -0.36983533138777025, -0.6349891241208063, 0.568101034483208, 0.8119981508894465, 0.13386641689097653, 0.4661014639684362, -0.4515316496209518, 0.7608341440005586
0.007822000000000003, -0.011641000000000006, 0.05533600000000001, 0.6779066206071652, -0.3690306759801807, -0.635813631438163, 0.5680097099840018, 0.8119851502736277, 0.13433199581263122, 0.46669859984883555, -0.4522128657178226, 0.7600631164438986
0.007841999999999998, -0.011657000000000004, 0.05543900000000002, 0.6838590602923108, -0.3585852249737486, -0.6354159441551996, 0.561295201295714, 0.8149600394537914, 0.14417985676188969, 0.46613783654464447, -0.4552546216393647, 0.7585899727899633
0.007858000000000004, -0.011573, 0.055531000000000004, 0.6864152402352648, -0.353235053701223, -0.6356564440084421, 0.5581251599549694, 0.8162506166194005, 0.14910143089081437, 0.46618711243234034, -0.45712134899295886, 0.7574362339476861
0.007858000000000004, -0.011507000000000005, 0.055613, 0.6838528072933137, -0.35371714980186136, -0.6381453720690151, 0.5596886755771895, 0.815416284979554, 0.1478000968226831, 0.4680746995808529, -0.4582362492494352, 0.7555961986974947
0.007906000000000007, -0.011498000000000005, 0.05568900000000002, 0.6806382621495366, -0.3515597479282026, -0.6427575746225924, 0.5609383704079073, 0.8144216398226443, 0.14854473128561846, 0.47125332964572264, -0.4616526142298491, 0.751529881689721
0.007962000000000004, -0.011995000000000004, 0.05582400000000001, 0.6497522291575991, -0.39018607518317905, -0.6523625276162615, 0.5877441790106728, 0.802121098202386, 0.105633914334689, 0.4820568646371515, -0.4520581495247539, 0.7505095660312759
0.007948000000000007, -0.011782000000000004, 0.05573700000000002, 0.673139631222092, -0.3481980138409213, -0.6524118178232393, 0.5643528075874744, 0.8119913659765553, 0.1489158492158001, 0.47790056020716387, -0.46843160091604136, 0.7430900953564874
0.008002000000000009, -0.011888000000000004, 0.05573400000000004, 0.6805319102995293, -0.3324645047623861, -0.652949976749502, 0.5556935753169221, 0.8150142880886534, 0.1641839229731151, 0.4775782338167956, -0.4745725058243966, 0.7393916197117624
0.008046000000000006, -0.012084000000000003, 0.055798, 0.6790165812643576, -0.329376275538101, -0.6560851709044437, 0.5559971457058913, 0.8143128646478834, 0.16661852368767383, 0.4793784062042909, -0.47791822269255124, 0.7360642064952126
0.008111000000000004, -0.012170000000000002, 0.05585400000000004, 0.6784970358497986, -0.3273052071143302, -0.6576572616027916, 0.556041054770489, 0.8138729202300861, 0.16860965312186035, 0.4800626185746597, -0.4800855872779326, 0.7342054965302585
0.008109000000000009, -0.012291000000000003, 0.05589200000000005, 0.6816786098193668, -0.3194879386167815, -0.6582110071953637, 0.5516823283483606, 0.8153630031812854, 0.17558411554388065, 0.48058389642482524, -0.4828153167843735, 0.7320713683620866
0.008117000000000004, -0.012387, 0.055894000000000006, 0.6802106527308326, -0.3198852894321925, -0.6595353436445821, 0.5525215403972888, 0.8150176980052395, 0.17454540766014837, 0.48169846928187526, -0.4831351296926386, 0.7311272332148322
0.008166000000000012, -0.012445, 0.05596600000000001, 0.6655867078771012, -0.34115330727966364, -0.6637836659857413, 0.5672240245938698, 0.8092559014932619, 0.15284564704911105, 0.4850270510196889, -0.4782460735128683, 0.7321403232636956
0.008152000000000001, -0.012464, 0.05600700000000001, 0.6640394299404402, -0.3416157185285404, -0.6650942311722484, 0.5682643415348709, 0.8086863632143059, 0.15199343436859156, 0.4859292887080534, -0.4788789688485482, 0.7311276629770183
0.008126000000000005, -0.012571000000000006, 0.05605000000000001, 0.6661962954136634, -0.3379249133632516, -0.6648227199077584, 0.5660635857962081, 0.8095120235399352, 0.15576360479848386, 0.48554558263117775, -0.48010106922680174, 0.7305808993633983
0.00813300000000001, -0.012696000000000006, 0.05625100000000003, 0.661415664389674, -0.34400997765208546, -0.6664731458774447, 0.571227320612596, 0.8068943849795531, 0.1504021265615055, 0.4860336069509191, -0.48018599184511845, 0.7302004835317484
0.00813600000000001, -0.012719000000000001, 0.05630400000000003, 0.6628378628020144, -0.3407217407115499, -0.6667493254908845, 0.5700833604741011, 0.8069540826592463, 0.15436991478306408, 0.48543890423678865, -0.48242492046541896, 0.7291195144606406
0.008176000000000003, -0.012847, 0.05645000000000005, 0.6609364304902767, -0.3423040449909933, -0.6678255577870432, 0.5723460946663519, 0.8055039354415527, 0.15356874001028387, 0.48536891409622307, -0.4837265247750787, 0.7283032791757005
0.008164000000000001, -0.012858000000000005, 0.056569000000000015, 0.6575458697596207, -0.3449735229990678, -0.669796011925777, 0.5752965757294014, 0.8039402822022376, 0.15071122256358913, 0.48648461344228455, -0.48443089402121975, 0.7270896985941369
0.008180999999999997, -0.012935000000000002, 0.05666600000000006, 0.6552323394828825, -0.3435825285217109, -0.6727716012068408, 0.5763821286600773, 0.8030642417552086, 0.15123314906266377, 0.4883177480463583, -0.48686637767334023, 0.7242284910400679
0.008260000000000005, -0.012979, 0.05674200000000002, 0.6484211446260539, -0.3470764729887357, -0.6775602859521339, 0.5814382296364963, 0.8002944980379246, 0.1464865233644487, 0.49140574306678086, -0.488944412288274, 0.7207314044587341
0.008294000000000011, -0.012962000000000003, 0.05677200000000005, 0.6377625096266633, -0.3569350408252628, -0.6825367081306092, 0.5900990087653788, 0.7959382255477663, 0.13514992033290515, 0.4950173140091342, -0.4889577872812143, 0.7182465740177542
0.00827000000000001, -0.013064, 0.05683000000000004, 0.6303664296088063, -0.3593589825521557, -0.6881128440025847, 0.5946116030165723, 0.793370847273988, 0.13038305201910552, 0.4990743491508135, -0.49134898021145224, 0.713793369025559
0.008328000000000004, -0.013068000000000005, 0.05686900000000003, 0.6235370825579031, -0.36435754966907347, -0.6916972478435399, 0.5998596879000637, 0.7903731293026305, 0.12441330840712198, 0.501367990110674, -0.4924976065683123, 0.7113903612060448
0.008338000000000009, -0.013106999999999999, 0.05691500000000002, 0.6216329713671931, -0.35982760153398946, -0.6957704693959721, 0.6003132082540157, 0.7894433359592246, 0.12807525641333714, 0.5031863480908099, -0.49729600489433623, 0.7067532685535787
0.008314999999999998, -0.013173000000000002, 0.05696000000000004, 0.6229904348627767, -0.35329792658074344, -0.6978993431313975, 0.5984957181905981, 0.7897625532372637, 0.13445439677332435, 0.5036723075343815, -0.5014535717071981, 0.7034618127838109
0.008436000000000008, -0.013443000000000005, 0.05742400000000004, 0.637278251875814, -0.32548671687874575, -0.6985233187386104, 0.5855956225613141, 0.7937595371456724, 0.16438845466551272, 0.50095328776557, -0.5138133847281361, 0.6964492868479965
0.008358000000000004, -0.013398000000000004, 0.057147000000000045, 0.6260115006738816, -0.3388503797825678, -0.7023460835978543, 0.5951987197491474, 0.7895311642887465, 0.1495962052521128, 0.5038333901529459, -0.5116844347232637, 0.6959389012182918
0.008352000000000004, -0.013614000000000005, 0.057524, 0.5919251035750203, -0.37686333850084147, -0.7124596099791918, 0.6235433677440081, 0.7742203867888785, 0.1085194048220888, 0.5107037696161667, -0.5084848245272222, 0.6932711179079638
0.00838900000000001, -0.013829000000000001, 0.05792200000000002, 0.586023928859728, -0.37869022042253175, -0.7163586195196809, 0.6280214495939334, 0.7709112573507204, 0.10623037296303836, 0.5120205207350028, -0.5121421191878929, 0.6895980250116664
0.008486000000000004, -0.014295000000000002, 0.058451000000000024, 0.633841848976763, -0.3084871682388268, -0.7092814515534073, 0.588020576376989, 0.7879214544264861, 0.1827883568822832, 0.502470210304046, -0.5329309980536326, 0.6808143939948443
0.00854100000000001, -0.014256, 0.05852100000000002, 0.649442207154469, -0.2837152184258046, -0.7055001732104181, 0.5732569265009535, 0.7922439177360395, 0.2091077976282379, 0.4996011567090416, -0.5402362905653875, 0.6771583526555205
0.008421000000000007, -0.014442, 0.058548, 0.6044320255405713, -0.3494310661011695, -0.7159328575671902, 0.6127132931225885, 0.7782635137142638, 0.13743479782064383, 0.5091604333918687, -0.5217315720411487, 0.684508451228819
0.008380000000000009, -0.014617000000000005, 0.05868200000000002, 0.601292335012061, -0.3531916266784897, -0.7167309137325848, 0.6151106822113569, 0.7771274835432678, 0.13308539721241835, 0.5099866434380635, -0.520892070553882, 0.6845327416193232
0.008348, -0.014669000000000003, 0.05871500000000003, 0.5985220233566548, -0.3571684238772793, -0.7170788691225506, 0.6172059745979522, 0.7762325809168724, 0.12852923886697204, 0.5107133956316868, -0.5195129423875322, 0.6850387800805154
0.008378, -0.014664000000000002, 0.05867700000000002, 0.6070558653880661, -0.34667559898979483, -0.715051889979331, 0.6105038426272223, 0.7794714053411016, 0.14039012213458574, 0.5086926718907419, -0.5217665735945867, 0.6848294738429581
0.008359000000000009, -0.014633000000000002, 0.058601, 0.6078922216255208, -0.3463582952874311, -0.7144949112294458, 0.6101176906822396, 0.7796361527450039, 0.14115194950669355, 0.5081569151391722, -0.5217311574159186, 0.6852540762211389
0.008349000000000004, -0.014587000000000003, 0.05856100000000004, 0.6083402348347852, -0.347345886736647, -0.7136336550698061, 0.6109953137137618, 0.7788375383531246, 0.14176323737791457, 0.506563801806821, -0.5222671000734946, 0.6860249200137283
0.008278000000000006, -0.014535000000000005, 0.05848200000000003, 0.600634373539229, -0.3596131457926198, -0.7140845431013574, 0.6189504332800236, 0.7744999566363369, 0.13057633136515848, 0.5061014823783954, -0.5204115703397155, 0.6877740086619605
0.00824000000000001, -0.014520000000000003, 0.05844100000000003, 0.5949933195188268, -0.3688871197695526, -0.7140764963196109, 0.6249682545566692, 0.7709853280989618, 0.12245940001701294, 0.5053688064417488, -0.5191376664472154, 0.6892738590367273
0.008257000000000006, -0.014399, 0.05828700000000003, 0.5866839287126115, -0.38117373589281245, -0.71449881095482, 0.633721609692065, 0.7654067159962563, 0.11202446392250229, 0.504181405051429, -0.518516289207333, 0.6906098526860329
0.008200000000000002, -0.014371000000000002, 0.058201000000000024, 0.5843300632986259, -0.38448118467235715, -0.7146555784140809, 0.6367080217868933, 0.7632204631832805, 0.10998827014968235, 0.503151341166497, -0.5192963924496677, 0.6907749160697106
0.008161000000000002, -0.014261000000000003, 0.05805700000000002, 0.5829584200533673, -0.38539995465464383, -0.7152806130750926, 0.63933710959866, 0.760856939912, 0.11110705323145972, 0.5014055651654785, -0.5220762319239842, 0.6899484526260939
0.008150000000000006, -0.014186, 0.058015000000000046, 0.5754970007884266, -0.39320399163834724, -0.7170730946306633, 0.6454844365121057, 0.7567881345709228, 0.10306096056854999, 0.5021484285589023, -0.5221707961312404, 0.6893363586548236
0.008097000000000009, -0.014152000000000001, 0.05799300000000005, 0.5739327716344507, -0.3913284722747136, -0.7193491505737227, 0.6466850997270677, 0.7555006308499267, 0.10496274851753615, 0.5023938250366841, -0.5254339383523886, 0.6866728631542884
0.008100000000000008, -0.014082, 0.05792900000000003, 0.574348755053293, -0.38763810406405863, -0.7210133201587574, 0.6460690785909815, 0.75553494963466, 0.10845130505970021, 0.5027109042554507, -0.5281132834517364, 0.6843815504413406
0.008152000000000001, -0.014112999999999999, 0.05798100000000005, 0.5680763333902299, -0.3913243633449015, -0.7239851670404719, 0.6499312123533469, 0.7529850508929024, 0.10297054113056928, 0.5048551263984761, -0.5290356847931159, 0.682086904701049
0.008204999999999999, -0.014146999999999998, 0.057992000000000016, 0.5627913777205296, -0.39368207601386185, -0.7268289263567076, 0.6529806992123536, 0.7508900944078734, 0.09889526063609388, 0.506835349615212, -0.5302626605235853, 0.6796612680114079
0.008259, -0.014177, 0.05802900000000005, 0.5523721351620761, -0.40456532322924865, -0.7288428661494212, 0.6599464364858173, 0.7463915228954499, 0.08585100767889992, 0.50926979614558, -0.5284189566908297, 0.6792773225595087
